1515972493,s1,0.00,0.00,0.00,0,0,0.00,0.00,0.00,0,0,0.00,0.00,0,0
1515972493,eth0,0.00,0.00,0.00,0,0,0.00,0.00,0.00,0,0,0.00,0.00,0,0
1515972493,eth1,0.00,0.00,0.00,0,0,0.00,0.00,0.00,0,0,0.00,0.00,0,0
1515972493,s2,0.00,0.00,0.00,0,0,0.00,0.00,0.00,0,0,0.00,0.00,0,0
1515972493,s1-eth2,0.00,0.00,0.00,0,0,0.00,0.00,0.00,0,0,0.00,0.00,0,0
1515972493,s1-eth1,0.00,0.00,0.00,0,0,0.00,0.00,0.00,0,0,0.00,0.00,0,0
1515972493,s3,0.00,0.00,0.00,0,0,0.00,0.00,0.00,0,0,0.00,0.00,0,0
1515972493,s2-eth2,0.00,0.00,0.00,0,0,0.00,0.00,0.00,0,0,0.00,0.00,0,0
1515972493,s2-eth1,0.00,0.00,0.00,0,0,0.00,0.00,0.00,0,0,0.00,0.00,0,0
1515972493,lo,0.00,0.00,0.00,0,0,0.00,0.00,0.00,0,0,0.00,0.00,0,0
1515972493,s3-eth2,0.00,0.00,0.00,0,0,0.00,0.00,0.00,0,0,0.00,0.00,0,0
1515972493,s3-eth1,0.00,0.00,0.00,0,0,0.00,0.00,0.00,0,0,0.00,0.00,0,0
1515972493,total,0.00,0.00,0.00,0,0,0.00,0.00,0.00,0,0,0.00,0.00,0,0
1515972494,s1,250.00,2994.00,3244.00,2994,250,3.00,17.00,20.00,17,3,0.00,0.00,0,0
1515972494,eth0,456.00,735.00,1191.00,735,456,6.00,6.00,12.00,6,6,0.00,0.00,0,0
1515972494,eth1,0.00,0.00,0.00,0,0,0.00,0.00,0.00,0,0,0.00,0.00,0,0
1515972494,s2,90.00,3154.00,3244.00,3154,90,1.00,19.00,20.00,19,1,0.00,0.00,0,0
1515972494,s1-eth2,148711.00,6040736.00,6189447.00,6040736,148711,2000.00,4004.00,6004.00,4004,2000,0.00,0.00,0,0
1515972494,s1-eth1,6041807.00,147498.00,6189305.00,147498,6041807,4012.00,1993.00,6005.00,1993,4012,0.00,0.00,0,0
1515972494,s3,250.00,3246.00,3496.00,3246,250,3.00,17.00,20.00,17,3,0.00,0.00,0,0
1515972494,s2-eth2,150342.00,6038169.00,6188511.00,6038169,150342,2005.00,3998.00,6003.00,3998,2005,0.00,0.00,0,0
1515972494,s2-eth1,6040736.00,148711.00,6189447.00,148711,6040736,4004.00,2000.00,6004.00,2000,4004,0.00,0.00,0,0
1515972494,lo,18297.00,18297.00,36594.00,18297,18297,175.00,175.00,350.00,175,175,0.00,0.00,0,0
1515972494,s3-eth2,152639.00,6042464.00,6195103.00,6042464,152639,2018.00,3992.00,6010.00,3992,2018,0.00,0.00,0,0
1515972494,s3-eth1,6038169.00,150342.00,6188511.00,150342,6038169,3998.00,2005.00,6003.00,2005,3998,0.00,0.00,0,0
1515972494,total,18591748.00,18596346.00,37188092.00,18596346,18591747,18225.00,18226.00,36451.00,18226,18225,0.00,0.00,0,0
1515972495,s1,0.00,996.00,996.00,996,0,0.00,3.00,3.00,3,0,0.00,0.00,0,0
1515972495,eth0,152.00,245.00,397.00,245,152,2.00,2.00,4.00,2,2,0.00,0.00,0,0
1515972495,eth1,0.00,0.00,0.00,0,0,0.00,0.00,0.00,0,0,0.00,0.00,0,0
1515972495,s2,0.00,996.00,996.00,996,0,0.00,3.00,3.00,3,0,0.00,0.00,0,0
1515972495,s1-eth2,152101.00,6206882.00,6358983.00,6206882,152101,2052.00,4102.00,6154.00,4102,2052,0.00,0.00,0,0
1515972495,s1-eth1,6207551.00,151700.00,6359251.00,151700,6207551,4104.00,2050.00,6154.00,2050,4104,0.00,0.00,0,0
1515972495,s3,0.00,654.00,654.00,654,0,0.00,2.00,2.00,2,0,0.00,0.00,0,0
1515972495,s2-eth2,152428.00,6209583.00,6362011.00,6209583,152428,2053.00,4103.00,6156.00,4103,2053,0.00,0.00,0,0
1515972495,s2-eth1,6206882.00,152101.00,6358983.00,152101,6206882,4102.00,2052.00,6154.00,2052,4102,0.00,0.00,0,0
1515972495,lo,3053.00,3053.00,6106.00,3053,3053,30.00,30.00,60.00,30,30,0.00,0.00,0,0
1515972495,s3-eth2,152975.00,6208914.00,6361889.00,6208914,152975,2055.00,4101.00,6156.00,4101,2055,0.00,0.00,0,0
1515972495,s3-eth1,6209583.00,152428.00,6362011.00,152428,6209583,4103.00,2053.00,6156.00,2053,4103,0.00,0.00,0,0
1515972495,total,19084724.00,19087552.00,38172276.00,19087552,19084725,18501.00,18501.00,37002.00,18501,18501,0.00,0.00,0,0
1515972496,s1,0.00,481.00,481.00,481,0,0.00,3.00,3.00,3,0,0.00,0.00,0,0
1515972496,eth0,60.00,60.00,120.00,60,60,1.00,1.00,2.00,1,1,0.00,0.00,0,0
1515972496,eth1,0.00,0.00,0.00,0,0,0.00,0.00,0.00,0,0,0.00,0.00,0,0
1515972496,s2,0.00,481.00,481.00,481,0,0.00,3.00,3.00,3,0,0.00,0.00,0,0
1515972496,s1-eth2,148818.00,6077677.00,6226495.00,6077677,148818,2008.00,4017.00,6025.00,4017,2008,0.00,0.00,0,0
1515972496,s1-eth1,6079565.00,148592.00,6228157.00,148592,6079565,4020.00,2008.00,6028.00,2008,4020,0.00,0.00,0,0
1515972496,s3,0.00,748.00,748.00,748,0,0.00,4.00,4.00,4,0,0.00,0.00,0,0
1515972496,s2-eth2,149266.00,6072761.00,6222027.00,6072761,149266,2011.00,4012.00,6023.00,4012,2011,0.00,0.00,0,0
1515972496,s2-eth1,6077677.00,148818.00,6226495.00,148818,6077677,4017.00,2008.00,6025.00,2008,4017,0.00,0.00,0,0
1515972496,lo,3134.00,3134.00,6268.00,3134,3134,30.00,30.00,60.00,30,30,0.00,0.00,0,0
1515972496,s3-eth2,149741.00,6068112.00,6217853.00,6068112,149741,2014.00,4008.00,6022.00,4008,2014,0.00,0.00,0,0
1515972496,s3-eth1,6072761.00,149266.00,6222027.00,149266,6072761,4012.00,2011.00,6023.00,2011,4012,0.00,0.00,0,0
1515972496,total,18681022.00,18670130.00,37351152.00,18670130,18681022,18113.00,18105.00,36218.00,18105,18113,0.00,0.00,0,0
1515972497,s1,0.00,1271.00,1271.00,1271,0,0.00,8.00,8.00,8,0,0.00,0.00,0,0
1515972497,eth0,0.00,0.00,0.00,0,0,0.00,0.00,0.00,0,0,0.00,0.00,0,0
1515972497,eth1,0.00,0.00,0.00,0,0,0.00,0.00,0.00,0,0,0.00,0.00,0,0
1515972497,s2,70.00,1201.00,1271.00,1201,70,1.00,7.00,8.00,7,1,0.00,0.00,0,0
1515972497,s1-eth2,149133.00,6085967.00,6235100.00,6085967,149133,2012.00,4026.00,6038.00,4026,2012,0.00,0.00,0,0
1515972497,s1-eth1,6084850.00,148662.00,6233512.00,148662,6084850,4027.00,2009.00,6036.00,2009,4027,0.00,0.00,0,0
1515972497,s3,0.00,1004.00,1004.00,1004,0,0.00,7.00,7.00,7,0,0.00,0.00,0,0
1515972497,s2-eth2,149526.00,6087014.00,6236540.00,6087014,149526,2014.00,4024.00,6038.00,4024,2014,0.00,0.00,0,0
1515972497,s2-eth1,6085967.00,149133.00,6235100.00,149133,6085967,4026.00,2012.00,6038.00,2012,4026,0.00,0.00,0,0
1515972497,lo,6524.00,6524.00,13048.00,6524,6524,67.00,67.00,134.00,67,67,0.00,0.00,0,0
1515972497,s3-eth2,149900.00,6086350.00,6236250.00,6086350,149900,2016.00,4021.00,6037.00,4021,2016,0.00,0.00,0,0
1515972497,s3-eth1,6087014.00,149526.00,6236540.00,149526,6087014,4024.00,2014.00,6038.00,2014,4024,0.00,0.00,0,0
1515972497,total,18712984.00,18716652.00,37429636.00,18716652,18712984,18187.00,18195.00,36382.00,18195,18187,0.00,0.00,0,0
1515972498,s1,70.00,70.00,140.00,70,70,1.00,1.00,2.00,1,1,0.00,0.00,0,0
1515972498,eth0,0.00,0.00,0.00,0,0,0.00,0.00,0.00,0,0,0.00,0.00,0,0
1515972498,eth1,0.00,0.00,0.00,0,0,0.00,0.00,0.00,0,0,0.00,0.00,0,0
1515972498,s2,0.00,140.00,140.00,140,0,0.00,2.00,2.00,2,0,0.00,0.00,0,0
1515972498,s1-eth2,152214.00,6227152.00,6379366.00,6227152,152214,2057.00,4114.00,6171.00,4114,2057,0.00,0.00,0,0
1515972498,s1-eth1,6227222.00,152144.00,6379366.00,152144,6227222,4115.00,2056.00,6171.00,2056,4115,0.00,0.00,0,0
1515972498,s3,70.00,412.00,482.00,412,70,1.00,2.00,3.00,2,1,0.00,0.00,0,0
1515972498,s2-eth2,152556.00,6227152.00,6379708.00,6227152,152556,2058.00,4114.00,6172.00,4114,2058,0.00,0.00,0,0
1515972498,s2-eth1,6227152.00,152214.00,6379366.00,152214,6227152,4114.00,2057.00,6171.00,2057,4114,0.00,0.00,0,0
1515972498,lo,1934.00,1934.00,3868.00,1934,1934,21.00,21.00,42.00,21,21,0.00,0.00,0,0
1515972498,s3-eth2,152875.00,6227082.00,6379957.00,6227082,152875,2059.00,4113.00,6172.00,4113,2059,0.00,0.00,0,0
1515972498,s3-eth1,6227152.00,152556.00,6379708.00,152556,6227152,4114.00,2058.00,6172.00,2058,4114,0.00,0.00,0,0
1515972498,total,19141244.00,19140856.00,38282100.00,19140856,19141245,18540.00,18538.00,37078.00,18538,18540,0.00,0.00,0,0
1515972499,s1,0.00,684.00,684.00,684,0,0.00,2.00,2.00,2,0,0.00,0.00,0,0
1515972499,eth0,0.00,0.00,0.00,0,0,0.00,0.00,0.00,0,0,0.00,0.00,0,0
1515972499,eth1,0.00,0.00,0.00,0,0,0.00,0.00,0.00,0,0,0.00,0.00,0,0
1515972499,s2,0.00,342.00,342.00,342,0,0.00,1.00,1.00,1,0,0.00,0.00,0,0
1515972499,s1-eth2,152218.00,6230794.00,6383012.00,6230794,152218,2057.00,4117.00,6174.00,4117,2057,0.00,0.00,0,0
1515972499,s1-eth1,6229280.00,152218.00,6381498.00,152218,6229280,4116.00,2057.00,6173.00,2057,4116,0.00,0.00,0,0
1515972499,s3,0.00,0.00,0.00,0,0,0.00,0.00,0.00,0,0,0.00,0.00,0,0
1515972499,s2-eth2,152292.00,6230452.00,6382744.00,6230452,152292,2058.00,4116.00,6174.00,4116,2058,0.00,0.00,0,0
1515972499,s2-eth1,6230794.00,152218.00,6383012.00,152218,6230794,4117.00,2057.00,6174.00,2057,4117,0.00,0.00,0,0
1515972499,lo,978.00,978.00,1956.00,978,978,9.00,9.00,18.00,9,9,0.00,0.00,0,0
1515972499,s3-eth2,152708.00,6230110.00,6382818.00,6230110,152708,2060.00,4115.00,6175.00,4115,2060,0.00,0.00,0,0
1515972499,s3-eth1,6230452.00,152292.00,6382744.00,152292,6230452,4116.00,2058.00,6174.00,2058,4116,0.00,0.00,0,0
1515972499,total,19148722.00,19150088.00,38298808.00,19150088,19148722,18533.00,18532.00,37065.00,18532,18533,0.00,0.00,0,0
1515972500,s1,0.00,214.00,214.00,214,0,0.00,2.00,2.00,2,0,0.00,0.00,0,0
1515972500,eth0,0.00,0.00,0.00,0,0,0.00,0.00,0.00,0,0,0.00,0.00,0,0
1515972500,eth1,0.00,0.00,0.00,0,0,0.00,0.00,0.00,0,0,0.00,0.00,0,0
1515972500,s2,0.00,214.00,214.00,214,0,0.00,2.00,2.00,2,0,0.00,0.00,0,0
1515972500,s1-eth2,152177.00,6222754.00,6374931.00,6222754,152177,2056.00,4112.00,6168.00,4112,2056,0.00,0.00,0,0
1515972500,s1-eth1,6221689.00,152070.00,6373759.00,152070,6221689,4113.00,2055.00,6168.00,2055,4113,0.00,0.00,0,0
1515972500,s3,0.00,214.00,214.00,214,0,0.00,2.00,2.00,2,0,0.00,0.00,0,0
1515972500,s2-eth2,152210.00,6222647.00,6374857.00,6222647,152210,2056.00,4111.00,6167.00,4111,2056,0.00,0.00,0,0
1515972500,s2-eth1,6222754.00,152177.00,6374931.00,152177,6222754,4112.00,2056.00,6168.00,2056,4112,0.00,0.00,0,0
1515972500,lo,1830.00,1830.00,3660.00,1830,1830,18.00,18.00,36.00,18,18,0.00,0.00,0,0
1515972500,s3-eth2,152136.00,6222540.00,6374676.00,6222540,152136,2055.00,4110.00,6165.00,4110,2055,0.00,0.00,0,0
1515972500,s3-eth1,6222647.00,152210.00,6374857.00,152210,6222647,4111.00,2056.00,6167.00,2056,4111,0.00,0.00,0,0
1515972500,total,19125444.00,19126870.00,38252312.00,19126870,19125443,18521.00,18524.00,37045.00,18524,18521,0.00,0.00,0,0
1515972501,s1,0.00,280.00,280.00,280,0,0.00,4.00,4.00,4,0,0.00,0.00,0,0
1515972501,eth0,0.00,0.00,0.00,0,0,0.00,0.00,0.00,0,0,0.00,0.00,0,0
1515972501,eth1,0.00,0.00,0.00,0,0,0.00,0.00,0.00,0,0,0.00,0.00,0,0
1515972501,s2,70.00,280.00,350.00,280,70,1.00,4.00,5.00,4,1,0.00,0.00,0,0
1515972501,s1-eth2,151988.00,6212152.00,6364140.00,6212152,151988,2054.00,4106.00,6160.00,4106,2054,0.00,0.00,0,0
1515972501,s1-eth1,6210708.00,151918.00,6362626.00,151918,6210708,4106.00,2053.00,6159.00,2053,4106,0.00,0.00,0,0
1515972501,s3,0.00,350.00,350.00,350,0,0.00,5.00,5.00,5,0,0.00,0.00,0,0
1515972501,s2-eth2,152128.00,6209054.00,6361182.00,6209054,152128,2056.00,4103.00,6159.00,4103,2056,0.00,0.00,0,0
1515972501,s2-eth1,6212152.00,151988.00,6364140.00,151988,6212152,4106.00,2054.00,6160.00,2054,4106,0.00,0.00,0,0
1515972501,lo,3700.00,3700.00,7400.00,3700,3700,41.00,41.00,82.00,41,41,0.00,0.00,0,0
1515972501,s3-eth2,152309.00,6210498.00,6362807.00,6210498,152309,2058.00,4103.00,6161.00,4103,2058,0.00,0.00,0,0
1515972501,s3-eth1,6209054.00,152128.00,6361182.00,152128,6209054,4103.00,2056.00,6159.00,2056,4103,0.00,0.00,0,0
1515972501,total,19092108.00,19092348.00,38184456.00,19092348,19092109,18525.00,18529.00,37054.00,18529,18525,0.00,0.00,0,0
1515972502,s1,70.00,140.00,210.00,140,70,1.00,2.00,3.00,2,1,0.00,0.00,0,0
1515972502,eth0,0.00,0.00,0.00,0,0,0.00,0.00,0.00,0,0,0.00,0.00,0,0
1515972502,eth1,0.00,0.00,0.00,0,0,0.00,0.00,0.00,0,0,0.00,0.00,0,0
1515972502,s2,0.00,482.00,482.00,482,0,0.00,3.00,3.00,3,0,0.00,0.00,0,0
1515972502,s1-eth2,152482.00,6221166.00,6373648.00,6221166,152482,2057.00,4111.00,6168.00,4111,2057,0.00,0.00,0,0
1515972502,s1-eth1,6224264.00,152144.00,6376408.00,152144,6224264,4114.00,2056.00,6170.00,2056,4114,0.00,0.00,0,0
1515972502,s3,70.00,412.00,482.00,412,70,1.00,2.00,3.00,2,1,0.00,0.00,0,0
1515972502,s2-eth2,152482.00,6224124.00,6376606.00,6224124,152482,2057.00,4112.00,6169.00,4112,2057,0.00,0.00,0,0
1515972502,s2-eth1,6221166.00,152482.00,6373648.00,152482,6221166,4111.00,2057.00,6168.00,2057,4111,0.00,0.00,0,0
1515972502,lo,2528.00,2528.00,5056.00,2528,2528,27.00,27.00,54.00,27,27,0.00,0.00,0,0
1515972502,s3-eth2,152622.00,6224054.00,6376676.00,6224054,152622,2059.00,4111.00,6170.00,4111,2059,0.00,0.00,0,0
1515972502,s3-eth1,6224124.00,152482.00,6376606.00,152482,6224124,4112.00,2057.00,6169.00,2057,4112,0.00,0.00,0,0
1515972502,total,19129808.00,19130014.00,38259824.00,19130014,19129808,18539.00,18538.00,37077.00,18538,18539,0.00,0.00,0,0
1515972503,s1,0.00,0.00,0.00,0,0,0.00,0.00,0.00,0,0,0.00,0.00,0,0
1515972503,eth0,0.00,0.00,0.00,0,0,0.00,0.00,0.00,0,0,0.00,0.00,0,0
1515972503,eth1,0.00,0.00,0.00,0,0,0.00,0.00,0.00,0,0,0.00,0.00,0,0
1515972503,s2,0.00,0.00,0.00,0,0,0.00,0.00,0.00,0,0,0.00,0.00,0,0
1515972503,s1-eth2,152588.00,6248278.00,6400866.00,6248278,152588,2062.00,4127.00,6189.00,4127,2062,0.00,0.00,0,0
1515972503,s1-eth1,6248278.00,152588.00,6400866.00,152588,6248278,4127.00,2062.00,6189.00,2062,4127,0.00,0.00,0,0
1515972503,s3,0.00,0.00,0.00,0,0,0.00,0.00,0.00,0,0,0.00,0.00,0,0
1515972503,s2-eth2,152588.00,6248278.00,6400866.00,6248278,152588,2062.00,4127.00,6189.00,4127,2062,0.00,0.00,0,0
1515972503,s2-eth1,6248278.00,152588.00,6400866.00,152588,6248278,4127.00,2062.00,6189.00,2062,4127,0.00,0.00,0,0
1515972503,lo,0.00,0.00,0.00,0,0,0.00,0.00,0.00,0,0,0.00,0.00,0,0
1515972503,s3-eth2,152588.00,6248278.00,6400866.00,6248278,152588,2062.00,4127.00,6189.00,4127,2062,0.00,0.00,0,0
1515972503,s3-eth1,6248278.00,152588.00,6400866.00,152588,6248278,4127.00,2062.00,6189.00,2062,4127,0.00,0.00,0,0
1515972503,total,19202598.00,19202598.00,38405196.00,19202598,19202598,18567.00,18567.00,37134.00,18567,18567,0.00,0.00,0,0
1515972504,s1,0.00,342.00,342.00,342,0,0.00,1.00,1.00,1,0,0.00,0.00,0,0
1515972504,eth0,0.00,0.00,0.00,0,0,0.00,0.00,0.00,0,0,0.00,0.00,0,0
1515972504,eth1,0.00,0.00,0.00,0,0,0.00,0.00,0.00,0,0,0.00,0.00,0,0
1515972504,s2,0.00,0.00,0.00,0,0,0.00,0.00,0.00,0,0,0.00,0.00,0,0
1515972504,s1-eth2,151478.00,6197144.00,6348622.00,6197144,151478,2047.00,4094.00,6141.00,4094,2047,0.00,0.00,0,0
1515972504,s1-eth1,6198658.00,151478.00,6350136.00,151478,6198658,4095.00,2047.00,6142.00,2047,4095,0.00,0.00,0,0
1515972504,s3,0.00,0.00,0.00,0,0,0.00,0.00,0.00,0,0,0.00,0.00,0,0
1515972504,s2-eth2,151478.00,6201344.00,6352822.00,6201344,151478,2047.00,4096.00,6143.00,4096,2047,0.00,0.00,0,0
1515972504,s2-eth1,6197144.00,151478.00,6348622.00,151478,6197144,4094.00,2047.00,6141.00,2047,4094,0.00,0.00,0,0
1515972504,lo,326.00,326.00,652.00,326,326,3.00,3.00,6.00,3,3,0.00,0.00,0,0
1515972504,s3-eth2,151478.00,6202858.00,6354336.00,6202858,151478,2047.00,4097.00,6144.00,4097,2047,0.00,0.00,0,0
1515972504,s3-eth1,6201344.00,151478.00,6352822.00,151478,6201344,4096.00,2047.00,6143.00,2047,4096,0.00,0.00,0,0
1515972504,total,19051906.00,19056448.00,38108352.00,19056448,19051906,18429.00,18432.00,36861.00,18432,18429,0.00,0.00,0,0
1515972505,s1,0.00,0.00,0.00,0,0,0.00,0.00,0.00,0,0,0.00,0.00,0,0
1515972505,eth0,0.00,0.00,0.00,0,0,0.00,0.00,0.00,0,0,0.00,0.00,0,0
1515972505,eth1,0.00,0.00,0.00,0,0,0.00,0.00,0.00,0,0,0.00,0.00,0,0
1515972505,s2,0.00,0.00,0.00,0,0,0.00,0.00,0.00,0,0,0.00,0.00,0,0
1515972505,s1-eth2,152662.00,6246764.00,6399426.00,6246764,152662,2063.00,4126.00,6189.00,4126,2063,0.00,0.00,0,0
1515972505,s1-eth1,6246764.00,152662.00,6399426.00,152662,6246764,4126.00,2063.00,6189.00,2063,4126,0.00,0.00,0,0
1515972505,s3,0.00,342.00,342.00,342,0,0.00,1.00,1.00,1,0,0.00,0.00,0,0
1515972505,s2-eth2,153078.00,6246764.00,6399842.00,6246764,153078,2065.00,4126.00,6191.00,4126,2065,0.00,0.00,0,0
1515972505,s2-eth1,6246764.00,152662.00,6399426.00,152662,6246764,4126.00,2063.00,6189.00,2063,4126,0.00,0.00,0,0
1515972505,lo,326.00,326.00,652.00,326,326,3.00,3.00,6.00,3,3,0.00,0.00,0,0
1515972505,s3-eth2,153004.00,6246764.00,6399768.00,6246764,153004,2064.00,4126.00,6190.00,4126,2064,0.00,0.00,0,0
1515972505,s3-eth1,6246764.00,153078.00,6399842.00,153078,6246764,4126.00,2065.00,6191.00,2065,4126,0.00,0.00,0,0
1515972505,total,19199362.00,19199362.00,38398724.00,19199362,19199362,18573.00,18573.00,37146.00,18573,18573,0.00,0.00,0,0
1515972506,s1,0.00,0.00,0.00,0,0,0.00,0.00,0.00,0,0,0.00,0.00,0,0
1515972506,eth0,0.00,0.00,0.00,0,0,0.00,0.00,0.00,0,0,0.00,0.00,0,0
1515972506,eth1,0.00,0.00,0.00,0,0,0.00,0.00,0.00,0,0,0.00,0.00,0,0
1515972506,s2,0.00,0.00,0.00,0,0,0.00,0.00,0.00,0,0,0.00,0.00,0,0
1515972506,s1-eth2,152366.00,6234652.00,6387018.00,6234652,152366,2059.00,4118.00,6177.00,4118,2059,0.00,0.00,0,0
1515972506,s1-eth1,6234652.00,152366.00,6387018.00,152366,6234652,4118.00,2059.00,6177.00,2059,4118,0.00,0.00,0,0
1515972506,s3,0.00,0.00,0.00,0,0,0.00,0.00,0.00,0,0,0.00,0.00,0,0
1515972506,s2-eth2,152366.00,6234652.00,6387018.00,6234652,152366,2059.00,4118.00,6177.00,4118,2059,0.00,0.00,0,0
1515972506,s2-eth1,6236166.00,152440.00,6388606.00,152440,6236166,4119.00,2060.00,6179.00,2060,4119,0.00,0.00,0,0
1515972506,lo,0.00,0.00,0.00,0,0,0.00,0.00,0.00,0,0,0.00,0.00,0,0
1515972506,s3-eth2,152708.00,6234652.00,6387360.00,6234652,152708,2060.00,4118.00,6178.00,4118,2060,0.00,0.00,0,0
1515972506,s3-eth1,6234652.00,152366.00,6387018.00,152366,6234652,4118.00,2059.00,6177.00,2059,4118,0.00,0.00,0,0
1515972506,total,19162910.00,19161128.00,38324040.00,19161128,19162910,18533.00,18532.00,37065.00,18532,18533,0.00,0.00,0,0
1515972507,s1,0.00,0.00,0.00,0,0,0.00,0.00,0.00,0,0,0.00,0.00,0,0
1515972507,eth0,0.00,0.00,0.00,0,0,0.00,0.00,0.00,0,0,0.00,0.00,0,0
1515972507,eth1,0.00,0.00,0.00,0,0,0.00,0.00,0.00,0,0,0.00,0.00,0,0
1515972507,s2,0.00,0.00,0.00,0,0,0.00,0.00,0.00,0,0,0.00,0.00,0,0
1515972507,s1-eth2,152588.00,6242222.00,6394810.00,6242222,152588,2062.00,4123.00,6185.00,4123,2062,0.00,0.00,0,0
1515972507,s1-eth1,6242564.00,152514.00,6395078.00,152514,6242564,4124.00,2061.00,6185.00,2061,4124,0.00,0.00,0,0
1515972507,s3,0.00,0.00,0.00,0,0,0.00,0.00,0.00,0,0,0.00,0.00,0,0
1515972507,s2-eth2,152514.00,6240708.00,6393222.00,6240708,152514,2061.00,4122.00,6183.00,4122,2061,0.00,0.00,0,0
1515972507,s2-eth1,6240708.00,152514.00,6393222.00,152514,6240708,4122.00,2061.00,6183.00,2061,4122,0.00,0.00,0,0
1515972507,lo,172.00,172.00,344.00,172,172,3.00,3.00,6.00,3,3,0.00,0.00,0,0
1515972507,s3-eth2,152514.00,6240708.00,6393222.00,6240708,152514,2061.00,4122.00,6183.00,4122,2061,0.00,0.00,0,0
1515972507,s3-eth1,6240708.00,152514.00,6393222.00,152514,6240708,4122.00,2061.00,6183.00,2061,4122,0.00,0.00,0,0
1515972507,total,19181768.00,19181352.00,38363120.00,19181352,19181768,18555.00,18553.00,37108.00,18553,18555,0.00,0.00,0,0
1515972508,s1,0.00,213.79,213.79,214,0,0.00,2.00,2.00,2,0,0.00,0.00,0,0
1515972508,eth0,0.00,0.00,0.00,0,0,0.00,0.00,0.00,0,0,0.00,0.00,0,0
1515972508,eth1,0.00,0.00,0.00,0,0,0.00,0.00,0.00,0,0,0.00,0.00,0,0
1515972508,s2,0.00,555.44,555.44,556,0,0.00,3.00,3.00,3,0,0.00,0.00,0,0
1515972508,s1-eth2,151211.80,6176042.00,6327254.00,6182218,151363,2042.96,4081.92,6124.88,4086,2045,0.00,0.00,0,0
1515972508,s1-eth1,6177320.00,151030.97,6328351.00,151182,6183497,4082.92,2040.96,6123.88,2043,4087,0.00,0.00,0,0
1515972508,s3,0.00,213.79,213.79,214,0,0.00,2.00,2.00,2,0,0.00,0.00,0,0
1515972508,s2-eth2,151318.69,6172910.50,6324229.00,6179083,151470,2043.96,4078.92,6122.88,4083,2046,0.00,0.00,0,0
1515972508,s2-eth1,6176042.00,151211.80,6327254.00,151363,6182218,4081.92,2042.96,6124.88,2045,4086,0.00,0.00,0,0
1515972508,lo,2351.65,2351.65,4703.30,2354,2354,21.98,21.98,43.96,22,22,0.00,0.00,0,0
1515972508,s3-eth2,151392.61,6167924.00,6319317.00,6174092,151544,2044.96,4073.93,6118.88,4078,2047,0.00,0.00,0,0
1515972508,s3-eth1,6172910.50,151318.69,6324229.00,151470,6179083,4078.92,2043.96,6122.88,2046,4083,0.00,0.00,0,0
1515972508,total,18982546.00,18973772.00,37956320.00,18992746,19001529,18397.60,18391.61,36789.21,18410,18416,0.00,0.00,0,0
1515972509,s1,0.00,342.00,342.00,342,0,0.00,1.00,1.00,1,0,0.00,0.00,0,0
1515972509,eth0,0.00,0.00,0.00,0,0,0.00,0.00,0.00,0,0,0.00,0.00,0,0
1515972509,eth1,0.00,0.00,0.00,0,0,0.00,0.00,0.00,0,0,0.00,0.00,0,0
1515972509,s2,0.00,0.00,0.00,0,0,0.00,0.00,0.00,0,0,0.00,0.00,0,0
1515972509,s1-eth2,152070.00,6230110.00,6382180.00,6230110,152070,2055.00,4115.00,6170.00,4115,2055,0.00,0.00,0,0
1515972509,s1-eth1,6228938.00,152218.00,6381156.00,152218,6228938,4115.00,2057.00,6172.00,2057,4115,0.00,0.00,0,0
1515972509,s3,0.00,0.00,0.00,0,0,0.00,0.00,0.00,0,0,0.00,0.00,0,0
1515972509,s2-eth2,152070.00,6230110.00,6382180.00,6230110,152070,2055.00,4115.00,6170.00,4115,2055,0.00,0.00,0,0
1515972509,s2-eth1,6230110.00,152070.00,6382180.00,152070,6230110,4115.00,2055.00,6170.00,2055,4115,0.00,0.00,0,0
1515972509,lo,128.00,128.00,256.00,128,128,2.00,2.00,4.00,2,2,0.00,0.00,0,0
1515972509,s3-eth2,152177.00,6231624.00,6383801.00,6231624,152177,2056.00,4116.00,6172.00,4116,2056,0.00,0.00,0,0
1515972509,s3-eth1,6230110.00,152070.00,6382180.00,152070,6230110,4115.00,2055.00,6170.00,2055,4115,0.00,0.00,0,0
1515972509,total,19145604.00,19148672.00,38294276.00,19148672,19145603,18513.00,18516.00,37029.00,18516,18513,0.00,0.00,0,0
1515972510,s1,0.00,0.00,0.00,0,0,0.00,0.00,0.00,0,0,0.00,0.00,0,0
1515972510,eth0,0.00,0.00,0.00,0,0,0.00,0.00,0.00,0,0,0.00,0.00,0,0
1515972510,eth1,0.00,0.00,0.00,0,0,0.00,0.00,0.00,0,0,0.00,0.00,0,0
1515972510,s2,0.00,0.00,0.00,0,0,0.00,0.00,0.00,0,0,0.00,0.00,0,0
1515972510,s1-eth2,152736.00,6251306.00,6404042.00,6251306,152736,2064.00,4129.00,6193.00,4129,2064,0.00,0.00,0,0
1515972510,s1-eth1,6251306.00,152736.00,6404042.00,152736,6251306,4129.00,2064.00,6193.00,2064,4129,0.00,0.00,0,0
1515972510,s3,0.00,0.00,0.00,0,0,0.00,0.00,0.00,0,0,0.00,0.00,0,0
1515972510,s2-eth2,152810.00,6251306.00,6404116.00,6251306,152810,2065.00,4129.00,6194.00,4129,2065,0.00,0.00,0,0
1515972510,s2-eth1,6251306.00,152736.00,6404042.00,152736,6251306,4129.00,2064.00,6193.00,2064,4129,0.00,0.00,0,0
1515972510,lo,0.00,0.00,0.00,0,0,0.00,0.00,0.00,0,0,0.00,0.00,0,0
1515972510,s3-eth2,152736.00,6251306.00,6404042.00,6251306,152736,2064.00,4129.00,6193.00,4129,2064,0.00,0.00,0,0
1515972510,s3-eth1,6251306.00,152810.00,6404116.00,152810,6251306,4129.00,2065.00,6194.00,2065,4129,0.00,0.00,0,0
1515972510,total,19212200.00,19212200.00,38424400.00,19212200,19212200,18580.00,18580.00,37160.00,18580,18580,0.00,0.00,0,0
1515972511,s1,0.00,0.00,0.00,0,0,0.00,0.00,0.00,0,0,0.00,0.00,0,0
1515972511,eth0,0.00,0.00,0.00,0,0,0.00,0.00,0.00,0,0,0.00,0.00,0,0
1515972511,eth1,0.00,980.00,980.00,980,0,0.00,5.00,5.00,5,0,0.00,0.00,0,0
1515972511,s2,0.00,0.00,0.00,0,0,0.00,0.00,0.00,0,0,0.00,0.00,0,0
1515972511,s1-eth2,151404.00,6196802.00,6348206.00,6196802,151404,2046.00,4093.00,6139.00,4093,2046,0.00,0.00,0,0
1515972511,s1-eth1,6193774.00,151330.00,6345104.00,151330,6193774,4091.00,2045.00,6136.00,2045,4091,0.00,0.00,0,0
1515972511,s3,0.00,0.00,0.00,0,0,0.00,0.00,0.00,0,0,0.00,0.00,0,0
1515972511,s2-eth2,151330.00,6198316.00,6349646.00,6198316,151330,2045.00,4094.00,6139.00,4094,2045,0.00,0.00,0,0
1515972511,s2-eth1,6196802.00,151404.00,6348206.00,151404,6196802,4093.00,2046.00,6139.00,2046,4093,0.00,0.00,0,0
1515972511,lo,0.00,0.00,0.00,0,0,0.00,0.00,0.00,0,0,0.00,0.00,0,0
1515972511,s3-eth2,151330.00,6196802.00,6348132.00,6196802,151330,2045.00,4093.00,6138.00,4093,2045,0.00,0.00,0,0
1515972511,s3-eth1,6198316.00,151330.00,6349646.00,151330,6198316,4094.00,2045.00,6139.00,2045,4094,0.00,0.00,0,0
1515972511,total,19042956.00,19046964.00,38089920.00,19046964,19042956,18414.00,18421.00,36835.00,18421,18414,0.00,0.00,0,0
1515972512,s1,0.00,0.00,0.00,0,0,0.00,0.00,0.00,0,0,0.00,0.00,0,0
1515972512,eth0,0.00,0.00,0.00,0,0,0.00,0.00,0.00,0,0,0.00,0.00,0,0
1515972512,eth1,0.00,0.00,0.00,0,0,0.00,0.00,0.00,0,0,0.00,0.00,0,0
1515972512,s2,0.00,0.00,0.00,0,0,0.00,0.00,0.00,0,0,0.00,0.00,0,0
1515972512,s1-eth2,152662.00,6246764.00,6399426.00,6246764,152662,2063.00,4126.00,6189.00,4126,2063,0.00,0.00,0,0
1515972512,s1-eth1,6246764.00,152736.00,6399500.00,152736,6246764,4126.00,2064.00,6190.00,2064,4126,0.00,0.00,0,0
1515972512,s3,0.00,0.00,0.00,0,0,0.00,0.00,0.00,0,0,0.00,0.00,0,0
1515972512,s2-eth2,152662.00,6246764.00,6399426.00,6246764,152662,2063.00,4126.00,6189.00,4126,2063,0.00,0.00,0,0
1515972512,s2-eth1,6246764.00,152662.00,6399426.00,152662,6246764,4126.00,2063.00,6189.00,2063,4126,0.00,0.00,0,0
1515972512,lo,0.00,0.00,0.00,0,0,0.00,0.00,0.00,0,0,0.00,0.00,0,0
1515972512,s3-eth2,152662.00,6246764.00,6399426.00,6246764,152662,2063.00,4126.00,6189.00,4126,2063,0.00,0.00,0,0
1515972512,s3-eth1,6246764.00,152662.00,6399426.00,152662,6246764,4126.00,2063.00,6189.00,2063,4126,0.00,0.00,0,0
1515972512,total,19198278.00,19198352.00,38396632.00,19198352,19198278,18567.00,18568.00,37135.00,18568,18567,0.00,0.00,0,0
1515972513,s1,0.00,0.00,0.00,0,0,0.00,0.00,0.00,0,0,0.00,0.00,0,0
1515972513,eth0,0.00,0.00,0.00,0,0,0.00,0.00,0.00,0,0,0.00,0.00,0,0
1515972513,eth1,0.00,0.00,0.00,0,0,0.00,0.00,0.00,0,0,0.00,0.00,0,0
1515972513,s2,0.00,0.00,0.00,0,0,0.00,0.00,0.00,0,0,0.00,0.00,0,0
1515972513,s1-eth2,151922.00,6219512.00,6371434.00,6219512,151922,2053.00,4108.00,6161.00,4108,2053,0.00,0.00,0,0
1515972513,s1-eth1,6217998.00,151922.00,6369920.00,151922,6217998,4107.00,2053.00,6160.00,2053,4107,0.00,0.00,0,0
1515972513,s3,0.00,0.00,0.00,0,0,0.00,0.00,0.00,0,0,0.00,0.00,0,0
1515972513,s2-eth2,151996.00,6217998.00,6369994.00,6217998,151996,2054.00,4107.00,6161.00,4107,2054,0.00,0.00,0,0
1515972513,s2-eth1,6219512.00,151922.00,6371434.00,151922,6219512,4108.00,2053.00,6161.00,2053,4108,0.00,0.00,0,0
1515972513,lo,516.00,516.00,1032.00,516,516,9.00,9.00,18.00,9,9,0.00,0.00,0,0
1515972513,s3-eth2,151996.00,6219512.00,6371508.00,6219512,151996,2054.00,4108.00,6162.00,4108,2054,0.00,0.00,0,0
1515972513,s3-eth1,6217998.00,151996.00,6369994.00,151996,6217998,4107.00,2054.00,6161.00,2054,4107,0.00,0.00,0,0
1515972513,total,19111938.00,19113378.00,38225316.00,19113378,19111938,18492.00,18492.00,36984.00,18492,18492,0.00,0.00,0,0
1515972514,s1,0.00,0.00,0.00,0,0,0.00,0.00,0.00,0,0,0.00,0.00,0,0
1515972514,eth0,0.00,0.00,0.00,0,0,0.00,0.00,0.00,0,0,0.00,0.00,0,0
1515972514,eth1,0.00,0.00,0.00,0,0,0.00,0.00,0.00,0,0,0.00,0.00,0,0
1515972514,s2,0.00,342.00,342.00,342,0,0.00,1.00,1.00,1,0,0.00,0.00,0,0
1515972514,s1-eth2,152264.00,6211942.00,6364206.00,6211942,152264,2054.00,4103.00,6157.00,4103,2054,0.00,0.00,0,0
1515972514,s1-eth1,6216484.00,151922.00,6368406.00,151922,6216484,4106.00,2053.00,6159.00,2053,4106,0.00,0.00,0,0
1515972514,s3,0.00,684.00,684.00,684,0,0.00,2.00,2.00,2,0,0.00,0.00,0,0
1515972514,s2-eth2,152606.00,6211942.00,6364548.00,6211942,152606,2055.00,4103.00,6158.00,4103,2055,0.00,0.00,0,0
1515972514,s2-eth1,6211942.00,152264.00,6364206.00,152264,6211942,4103.00,2054.00,6157.00,2054,4103,0.00,0.00,0,0
1515972514,lo,978.00,978.00,1956.00,978,978,9.00,9.00,18.00,9,9,0.00,0.00,0,0
1515972514,s3-eth2,152606.00,6208914.00,6361520.00,6208914,152606,2055.00,4101.00,6156.00,4101,2055,0.00,0.00,0,0
1515972514,s3-eth1,6211942.00,152606.00,6364548.00,152606,6211942,4103.00,2055.00,6158.00,2055,4103,0.00,0.00,0,0
1515972514,total,19098822.00,19091594.00,38190416.00,19091594,19098822,18485.00,18481.00,36966.00,18481,18485,0.00,0.00,0,0
1515972515,s1,0.00,342.00,342.00,342,0,0.00,1.00,1.00,1,0,0.00,0.00,0,0
1515972515,eth0,0.00,0.00,0.00,0,0,0.00,0.00,0.00,0,0,0.00,0.00,0,0
1515972515,eth1,0.00,0.00,0.00,0,0,0.00,0.00,0.00,0,0,0.00,0.00,0,0
1515972515,s2,0.00,0.00,0.00,0,0,0.00,0.00,0.00,0,0,0.00,0.00,0,0
1515972515,s1-eth2,152736.00,6248620.00,6401356.00,6248620,152736,2064.00,4128.00,6192.00,4128,2064,0.00,0.00,0,0
1515972515,s1-eth1,6248620.00,152736.00,6401356.00,152736,6248620,4128.00,2064.00,6192.00,2064,4128,0.00,0.00,0,0
1515972515,s3,0.00,0.00,0.00,0,0,0.00,0.00,0.00,0,0,0.00,0.00,0,0
1515972515,s2-eth2,152662.00,6246764.00,6399426.00,6246764,152662,2063.00,4126.00,6189.00,4126,2063,0.00,0.00,0,0
1515972515,s2-eth1,6248620.00,152736.00,6401356.00,152736,6248620,4128.00,2064.00,6192.00,2064,4128,0.00,0.00,0,0
1515972515,lo,326.00,326.00,652.00,326,326,3.00,3.00,6.00,3,3,0.00,0.00,0,0
1515972515,s3-eth2,152810.00,6248278.00,6401088.00,6248278,152810,2065.00,4127.00,6192.00,4127,2065,0.00,0.00,0,0
1515972515,s3-eth1,6246764.00,152662.00,6399426.00,152662,6246764,4126.00,2063.00,6189.00,2063,4126,0.00,0.00,0,0
1515972515,total,19202538.00,19202464.00,38405000.00,19202464,19202538,18577.00,18576.00,37153.00,18576,18577,0.00,0.00,0,0
1515972516,s1,0.00,0.00,0.00,0,0,0.00,0.00,0.00,0,0,0.00,0.00,0,0
1515972516,eth0,0.00,0.00,0.00,0,0,0.00,0.00,0.00,0,0,0.00,0.00,0,0
1515972516,eth1,0.00,0.00,0.00,0,0,0.00,0.00,0.00,0,0,0.00,0.00,0,0
1515972516,s2,0.00,0.00,0.00,0,0,0.00,0.00,0.00,0,0,0.00,0.00,0,0
1515972516,s1-eth2,152292.00,6231624.00,6383916.00,6231624,152292,2058.00,4116.00,6174.00,4116,2058,0.00,0.00,0,0
1515972516,s1-eth1,6233138.00,152292.00,6385430.00,152292,6233138,4117.00,2058.00,6175.00,2058,4117,0.00,0.00,0,0
1515972516,s3,0.00,0.00,0.00,0,0,0.00,0.00,0.00,0,0,0.00,0.00,0,0
1515972516,s2-eth2,152292.00,6233138.00,6385430.00,6233138,152292,2058.00,4117.00,6175.00,4117,2058,0.00,0.00,0,0
1515972516,s2-eth1,6231624.00,152292.00,6383916.00,152292,6231624,4116.00,2058.00,6174.00,2058,4116,0.00,0.00,0,0
1515972516,lo,0.00,0.00,0.00,0,0,0.00,0.00,0.00,0,0,0.00,0.00,0,0
1515972516,s3-eth2,152218.00,6233138.00,6385356.00,6233138,152218,2057.00,4117.00,6174.00,4117,2057,0.00,0.00,0,0
1515972516,s3-eth1,6233138.00,152292.00,6385430.00,152292,6233138,4117.00,2058.00,6175.00,2058,4117,0.00,0.00,0,0
1515972516,total,19154702.00,19154776.00,38309480.00,19154776,19154702,18523.00,18524.00,37047.00,18524,18523,0.00,0.00,0,0
1515972517,s1,0.00,0.00,0.00,0,0,0.00,0.00,0.00,0,0,0.00,0.00,0,0
1515972517,eth0,0.00,0.00,0.00,0,0,0.00,0.00,0.00,0,0,0.00,0.00,0,0
1515972517,eth1,0.00,0.00,0.00,0,0,0.00,0.00,0.00,0,0,0.00,0.00,0,0
1515972517,s2,0.00,0.00,0.00,0,0,0.00,0.00,0.00,0,0,0.00,0.00,0,0
1515972517,s1-eth2,152810.00,6251306.00,6404116.00,6251306,152810,2065.00,4129.00,6194.00,4129,2065,0.00,0.00,0,0
1515972517,s1-eth1,6251306.00,152810.00,6404116.00,152810,6251306,4129.00,2065.00,6194.00,2065,4129,0.00,0.00,0,0
1515972517,s3,0.00,0.00,0.00,0,0,0.00,0.00,0.00,0,0,0.00,0.00,0,0
1515972517,s2-eth2,152810.00,6251306.00,6404116.00,6251306,152810,2065.00,4129.00,6194.00,4129,2065,0.00,0.00,0,0
1515972517,s2-eth1,6251306.00,152810.00,6404116.00,152810,6251306,4129.00,2065.00,6194.00,2065,4129,0.00,0.00,0,0
1515972517,lo,0.00,0.00,0.00,0,0,0.00,0.00,0.00,0,0,0.00,0.00,0,0
1515972517,s3-eth2,152736.00,6251306.00,6404042.00,6251306,152736,2064.00,4129.00,6193.00,4129,2064,0.00,0.00,0,0
1515972517,s3-eth1,6251306.00,152810.00,6404116.00,152810,6251306,4129.00,2065.00,6194.00,2065,4129,0.00,0.00,0,0
1515972517,total,19212274.00,19212348.00,38424624.00,19212348,19212274,18581.00,18582.00,37163.00,18582,18581,0.00,0.00,0,0
1515972518,s1,0.00,0.00,0.00,0,0,0.00,0.00,0.00,0,0,0.00,0.00,0,0
1515972518,eth0,0.00,0.00,0.00,0,0,0.00,0.00,0.00,0,0,0.00,0.00,0,0
1515972518,eth1,0.00,0.00,0.00,0,0,0.00,0.00,0.00,0,0,0.00,0.00,0,0
1515972518,s2,0.00,0.00,0.00,0,0,0.00,0.00,0.00,0,0,0.00,0.00,0,0
1515972518,s1-eth2,152662.00,6248278.00,6400940.00,6248278,152662,2063.00,4127.00,6190.00,4127,2063,0.00,0.00,0,0
1515972518,s1-eth1,6246764.00,152662.00,6399426.00,152662,6246764,4126.00,2063.00,6189.00,2063,4126,0.00,0.00,0,0
1515972518,s3,0.00,0.00,0.00,0,0,0.00,0.00,0.00,0,0,0.00,0.00,0,0
1515972518,s2-eth2,152662.00,6246764.00,6399426.00,6246764,152662,2063.00,4126.00,6189.00,4126,2063,0.00,0.00,0,0
1515972518,s2-eth1,6248278.00,152662.00,6400940.00,152662,6248278,4127.00,2063.00,6190.00,2063,4127,0.00,0.00,0,0
1515972518,lo,0.00,0.00,0.00,0,0,0.00,0.00,0.00,0,0,0.00,0.00,0,0
1515972518,s3-eth2,152736.00,6248278.00,6401014.00,6248278,152736,2064.00,4127.00,6191.00,4127,2064,0.00,0.00,0,0
1515972518,s3-eth1,6246764.00,152662.00,6399426.00,152662,6246764,4126.00,2063.00,6189.00,2063,4126,0.00,0.00,0,0
1515972518,total,19199866.00,19201306.00,38401172.00,19201306,19199866,18569.00,18569.00,37138.00,18569,18569,0.00,0.00,0,0
1515972519,s1,0.00,0.00,0.00,0,0,0.00,0.00,0.00,0,0,0.00,0.00,0,0
1515972519,eth0,0.00,0.00,0.00,0,0,0.00,0.00,0.00,0,0,0.00,0.00,0,0
1515972519,eth1,0.00,0.00,0.00,0,0,0.00,0.00,0.00,0,0,0.00,0.00,0,0
1515972519,s2,0.00,0.00,0.00,0,0,0.00,0.00,0.00,0,0,0.00,0.00,0,0
1515972519,s1-eth2,152662.00,6246764.00,6399426.00,6246764,152662,2063.00,4126.00,6189.00,4126,2063,0.00,0.00,0,0
1515972519,s1-eth1,6247106.00,152662.00,6399768.00,152662,6247106,4127.00,2063.00,6190.00,2063,4127,0.00,0.00,0,0
1515972519,s3,0.00,0.00,0.00,0,0,0.00,0.00,0.00,0,0,0.00,0.00,0,0
1515972519,s2-eth2,152662.00,6248278.00,6400940.00,6248278,152662,2063.00,4127.00,6190.00,4127,2063,0.00,0.00,0,0
1515972519,s2-eth1,6246764.00,152662.00,6399426.00,152662,6246764,4126.00,2063.00,6189.00,2063,4126,0.00,0.00,0,0
1515972519,lo,344.00,344.00,688.00,344,344,6.00,6.00,12.00,6,6,0.00,0.00,0,0
1515972519,s3-eth2,152662.00,6248278.00,6400940.00,6248278,152662,2063.00,4127.00,6190.00,4127,2063,0.00,0.00,0,0
1515972519,s3-eth1,6248278.00,152662.00,6400940.00,152662,6248278,4127.00,2063.00,6190.00,2063,4127,0.00,0.00,0,0
1515972519,total,19200478.00,19201650.00,38402128.00,19201650,19200478,18575.00,18575.00,37150.00,18575,18575,0.00,0.00,0,0
1515972520,s1,0.00,0.00,0.00,0,0,0.00,0.00,0.00,0,0,0.00,0.00,0,0
1515972520,eth0,0.00,0.00,0.00,0,0,0.00,0.00,0.00,0,0,0.00,0.00,0,0
1515972520,eth1,0.00,0.00,0.00,0,0,0.00,0.00,0.00,0,0,0.00,0.00,0,0
1515972520,s2,0.00,0.00,0.00,0,0,0.00,0.00,0.00,0,0,0.00,0.00,0,0
1515972520,s1-eth2,152810.00,6251306.00,6404116.00,6251306,152810,2065.00,4129.00,6194.00,4129,2065,0.00,0.00,0,0
1515972520,s1-eth1,6251306.00,152736.00,6404042.00,152736,6251306,4129.00,2064.00,6193.00,2064,4129,0.00,0.00,0,0
1515972520,s3,0.00,0.00,0.00,0,0,0.00,0.00,0.00,0,0,0.00,0.00,0,0
1515972520,s2-eth2,152810.00,6249792.00,6402602.00,6249792,152810,2065.00,4128.00,6193.00,4128,2065,0.00,0.00,0,0
1515972520,s2-eth1,6251306.00,152810.00,6404116.00,152810,6251306,4129.00,2065.00,6194.00,2065,4129,0.00,0.00,0,0
1515972520,lo,172.00,172.00,344.00,172,172,3.00,3.00,6.00,3,3,0.00,0.00,0,0
1515972520,s3-eth2,152736.00,6249792.00,6402528.00,6249792,152736,2064.00,4128.00,6192.00,4128,2064,0.00,0.00,0,0
1515972520,s3-eth1,6249792.00,152810.00,6402602.00,152810,6249792,4128.00,2065.00,6193.00,2065,4128,0.00,0.00,0,0
1515972520,total,19210932.00,19209418.00,38420352.00,19209418,19210932,18583.00,18582.00,37165.00,18582,18583,0.00,0.00,0,0
1515972521,s1,0.00,342.00,342.00,342,0,0.00,1.00,1.00,1,0,0.00,0.00,0,0
1515972521,eth0,0.00,0.00,0.00,0,0,0.00,0.00,0.00,0,0,0.00,0.00,0,0
1515972521,eth1,0.00,0.00,0.00,0,0,0.00,0.00,0.00,0,0,0.00,0.00,0,0
1515972521,s2,0.00,342.00,342.00,342,0,0.00,1.00,1.00,1,0,0.00,0.00,0,0
1515972521,s1-eth2,151256.00,6191088.00,6342344.00,6191088,151256,2044.00,4090.00,6134.00,4090,2044,0.00,0.00,0,0
1515972521,s1-eth1,6191088.00,151330.00,6342418.00,151330,6191088,4090.00,2045.00,6135.00,2045,4090,0.00,0.00,0,0
1515972521,s3,0.00,0.00,0.00,0,0,0.00,0.00,0.00,0,0,0.00,0.00,0,0
1515972521,s2-eth2,151256.00,6191088.00,6342344.00,6191088,151256,2044.00,4090.00,6134.00,4090,2044,0.00,0.00,0,0
1515972521,s2-eth1,6191088.00,151256.00,6342344.00,151256,6191088,4090.00,2044.00,6134.00,2044,4090,0.00,0.00,0,0
1515972521,lo,652.00,652.00,1304.00,652,652,6.00,6.00,12.00,6,6,0.00,0.00,0,0
1515972521,s3-eth2,151330.00,6190746.00,6342076.00,6190746,151330,2045.00,4089.00,6134.00,4089,2045,0.00,0.00,0,0
1515972521,s3-eth1,6191088.00,151256.00,6342344.00,151256,6191088,4090.00,2044.00,6134.00,2044,4090,0.00,0.00,0,0
1515972521,total,19027758.00,19028100.00,38055856.00,19028100,19027758,18409.00,18410.00,36819.00,18410,18409,0.00,0.00,0,0
1515972522,s1,0.00,0.00,0.00,0,0,0.00,0.00,0.00,0,0,0.00,0.00,0,0
1515972522,eth0,0.00,0.00,0.00,0,0,0.00,0.00,0.00,0,0,0.00,0.00,0,0
1515972522,eth1,0.00,0.00,0.00,0,0,0.00,0.00,0.00,0,0,0.00,0.00,0,0
1515972522,s2,0.00,0.00,0.00,0,0,0.00,0.00,0.00,0,0,0.00,0.00,0,0
1515972522,s1-eth2,152810.00,6251306.00,6404116.00,6251306,152810,2065.00,4129.00,6194.00,4129,2065,0.00,0.00,0,0
1515972522,s1-eth1,6252820.00,152736.00,6405556.00,152736,6252820,4130.00,2064.00,6194.00,2064,4130,0.00,0.00,0,0
1515972522,s3,0.00,0.00,0.00,0,0,0.00,0.00,0.00,0,0,0.00,0.00,0,0
1515972522,s2-eth2,152810.00,6252820.00,6405630.00,6252820,152810,2065.00,4130.00,6195.00,4130,2065,0.00,0.00,0,0
1515972522,s2-eth1,6251306.00,152810.00,6404116.00,152810,6251306,4129.00,2065.00,6194.00,2065,4129,0.00,0.00,0,0
1515972522,lo,0.00,0.00,0.00,0,0,0.00,0.00,0.00,0,0,0.00,0.00,0,0
1515972522,s3-eth2,152736.00,6251306.00,6404042.00,6251306,152736,2064.00,4129.00,6193.00,4129,2064,0.00,0.00,0,0
1515972522,s3-eth1,6252820.00,152810.00,6405630.00,152810,6252820,4130.00,2065.00,6195.00,2065,4130,0.00,0.00,0,0
1515972522,total,19215302.00,19213788.00,38429088.00,19213788,19215302,18583.00,18582.00,37165.00,18582,18583,0.00,0.00,0,0
1515972523,s1,0.00,0.00,0.00,0,0,0.00,0.00,0.00,0,0,0.00,0.00,0,0
1515972523,eth0,0.00,0.00,0.00,0,0,0.00,0.00,0.00,0,0,0.00,0.00,0,0
1515972523,eth1,0.00,0.00,0.00,0,0,0.00,0.00,0.00,0,0,0.00,0.00,0,0
1515972523,s2,0.00,0.00,0.00,0,0,0.00,0.00,0.00,0,0,0.00,0.00,0,0
1515972523,s1-eth2,152662.00,6246764.00,6399426.00,6246764,152662,2063.00,4126.00,6189.00,4126,2063,0.00,0.00,0,0
1515972523,s1-eth1,6245250.00,152662.00,6397912.00,152662,6245250,4125.00,2063.00,6188.00,2063,4125,0.00,0.00,0,0
1515972523,s3,0.00,0.00,0.00,0,0,0.00,0.00,0.00,0,0,0.00,0.00,0,0
1515972523,s2-eth2,152662.00,6245250.00,6397912.00,6245250,152662,2063.00,4125.00,6188.00,4125,2063,0.00,0.00,0,0
1515972523,s2-eth1,6246764.00,152662.00,6399426.00,152662,6246764,4126.00,2063.00,6189.00,2063,4126,0.00,0.00,0,0
1515972523,lo,0.00,0.00,0.00,0,0,0.00,0.00,0.00,0,0,0.00,0.00,0,0
1515972523,s3-eth2,152662.00,6245250.00,6397912.00,6245250,152662,2063.00,4125.00,6188.00,4125,2063,0.00,0.00,0,0
1515972523,s3-eth1,6245250.00,152662.00,6397912.00,152662,6245250,4125.00,2063.00,6188.00,2063,4125,0.00,0.00,0,0
1515972523,total,19195250.00,19195250.00,38390500.00,19195250,19195250,18565.00,18565.00,37130.00,18565,18565,0.00,0.00,0,0
1515972524,s1,0.00,214.00,214.00,214,0,0.00,2.00,2.00,2,0,0.00,0.00,0,0
1515972524,eth0,0.00,0.00,0.00,0,0,0.00,0.00,0.00,0,0,0.00,0.00,0,0
1515972524,eth1,0.00,0.00,0.00,0,0,0.00,0.00,0.00,0,0,0.00,0.00,0,0
1515972524,s2,0.00,214.00,214.00,214,0,0.00,2.00,2.00,2,0,0.00,0.00,0,0
1515972524,s1-eth2,150845.00,6169764.00,6320609.00,6169764,150845,2038.00,4077.00,6115.00,4077,2038,0.00,0.00,0,0
1515972524,s1-eth1,6171385.00,150812.00,6322197.00,150812,6171385,4079.00,2038.00,6117.00,2038,4079,0.00,0.00,0,0
1515972524,s3,0.00,214.00,214.00,214,0,0.00,2.00,2.00,2,0,0.00,0.00,0,0
1515972524,s2-eth2,151026.00,6172685.00,6323711.00,6172685,151026,2040.00,4078.00,6118.00,4078,2040,0.00,0.00,0,0
1515972524,s2-eth1,6169764.00,150845.00,6320609.00,150845,6169764,4077.00,2038.00,6115.00,2038,4077,0.00,0.00,0,0
1515972524,lo,2002.00,2002.00,4004.00,2002,2002,21.00,21.00,42.00,21,21,0.00,0.00,0,0
1515972524,s3-eth2,151026.00,6172578.00,6323604.00,6172578,151026,2040.00,4077.00,6117.00,4077,2040,0.00,0.00,0,0
1515972524,s3-eth1,6172685.00,151026.00,6323711.00,151026,6172685,4078.00,2040.00,6118.00,2040,4078,0.00,0.00,0,0
1515972524,total,18968732.00,18970354.00,37939088.00,18970354,18968733,18373.00,18375.00,36748.00,18375,18373,0.00,0.00,0,0
1515972525,s1,0.00,0.00,0.00,0,0,0.00,0.00,0.00,0,0,0.00,0.00,0,0
1515972525,eth0,0.00,0.00,0.00,0,0,0.00,0.00,0.00,0,0,0.00,0.00,0,0
1515972525,eth1,0.00,0.00,0.00,0,0,0.00,0.00,0.00,0,0,0.00,0.00,0,0
1515972525,s2,0.00,0.00,0.00,0,0,0.00,0.00,0.00,0,0,0.00,0.00,0,0
1515972525,s1-eth2,152736.00,6248278.00,6401014.00,6248278,152736,2064.00,4127.00,6191.00,4127,2064,0.00,0.00,0,0
1515972525,s1-eth1,6248278.00,152662.00,6400940.00,152662,6248278,4127.00,2063.00,6190.00,2063,4127,0.00,0.00,0,0
1515972525,s3,0.00,0.00,0.00,0,0,0.00,0.00,0.00,0,0,0.00,0.00,0,0
1515972525,s2-eth2,152662.00,6248278.00,6400940.00,6248278,152662,2063.00,4127.00,6190.00,4127,2063,0.00,0.00,0,0
1515972525,s2-eth1,6248278.00,152736.00,6401014.00,152736,6248278,4127.00,2064.00,6191.00,2064,4127,0.00,0.00,0,0
1515972525,lo,0.00,0.00,0.00,0,0,0.00,0.00,0.00,0,0,0.00,0.00,0,0
1515972525,s3-eth2,152769.00,6248278.00,6401047.00,6248278,152769,2064.00,4127.00,6191.00,4127,2064,0.00,0.00,0,0
1515972525,s3-eth1,6248278.00,152662.00,6400940.00,152662,6248278,4127.00,2063.00,6190.00,2063,4127,0.00,0.00,0,0
1515972525,total,19203000.00,19202894.00,38405896.00,19202894,19203001,18572.00,18571.00,37143.00,18571,18572,0.00,0.00,0,0
1515972526,s1,0.00,0.00,0.00,0,0,0.00,0.00,0.00,0,0,0.00,0.00,0,0
1515972526,eth0,0.00,0.00,0.00,0,0,0.00,0.00,0.00,0,0,0.00,0.00,0,0
1515972526,eth1,0.00,0.00,0.00,0,0,0.00,0.00,0.00,0,0,0.00,0.00,0,0
1515972526,s2,0.00,0.00,0.00,0,0,0.00,0.00,0.00,0,0,0.00,0.00,0,0
1515972526,s1-eth2,152292.00,6233138.00,6385430.00,6233138,152292,2058.00,4117.00,6175.00,4117,2058,0.00,0.00,0,0
1515972526,s1-eth1,6231624.00,152366.00,6383990.00,152366,6231624,4116.00,2059.00,6175.00,2059,4116,0.00,0.00,0,0
1515972526,s3,0.00,342.00,342.00,342,0,0.00,1.00,1.00,1,0,0.00,0.00,0,0
1515972526,s2-eth2,152634.00,6233138.00,6385772.00,6233138,152634,2059.00,4117.00,6176.00,4117,2059,0.00,0.00,0,0
1515972526,s2-eth1,6233138.00,152292.00,6385430.00,152292,6233138,4117.00,2058.00,6175.00,2058,4117,0.00,0.00,0,0
1515972526,lo,326.00,326.00,652.00,326,326,3.00,3.00,6.00,3,3,0.00,0.00,0,0
1515972526,s3-eth2,152708.00,6233138.00,6385846.00,6233138,152708,2060.00,4117.00,6177.00,4117,2060,0.00,0.00,0,0
1515972526,s3-eth1,6233138.00,152634.00,6385772.00,152634,6233138,4117.00,2059.00,6176.00,2059,4117,0.00,0.00,0,0
1515972526,total,19155860.00,19157374.00,38313232.00,19157374,19155860,18530.00,18531.00,37061.00,18531,18530,0.00,0.00,0,0
1515972527,s1,0.00,0.00,0.00,0,0,0.00,0.00,0.00,0,0,0.00,0.00,0,0
1515972527,eth0,0.00,0.00,0.00,0,0,0.00,0.00,0.00,0,0,0.00,0.00,0,0
1515972527,eth1,0.00,0.00,0.00,0,0,0.00,0.00,0.00,0,0,0.00,0.00,0,0
1515972527,s2,0.00,0.00,0.00,0,0,0.00,0.00,0.00,0,0,0.00,0.00,0,0
1515972527,s1-eth2,150590.00,6161980.00,6312570.00,6161980,150590,2035.00,4070.00,6105.00,4070,2035,0.00,0.00,0,0
1515972527,s1-eth1,6161980.00,150590.00,6312570.00,150590,6161980,4070.00,2035.00,6105.00,2035,4070,0.00,0.00,0,0
1515972527,s3,0.00,0.00,0.00,0,0,0.00,0.00,0.00,0,0,0.00,0.00,0,0
1515972527,s2-eth2,150590.00,6160466.00,6311056.00,6160466,150590,2035.00,4069.00,6104.00,4069,2035,0.00,0.00,0,0
1515972527,s2-eth1,6161980.00,150590.00,6312570.00,150590,6161980,4070.00,2035.00,6105.00,2035,4070,0.00,0.00,0,0
1515972527,lo,0.00,0.00,0.00,0,0,0.00,0.00,0.00,0,0,0.00,0.00,0,0
1515972527,s3-eth2,150932.00,6160466.00,6311398.00,6160466,150932,2036.00,4069.00,6105.00,4069,2036,0.00,0.00,0,0
1515972527,s3-eth1,6160466.00,150664.00,6311130.00,150664,6160466,4069.00,2036.00,6105.00,2036,4069,0.00,0.00,0,0
1515972527,total,18936538.00,18934756.00,37871296.00,18934756,18936538,18315.00,18314.00,36629.00,18314,18315,0.00,0.00,0,0
1515972528,s1,0.00,342.00,342.00,342,0,0.00,1.00,1.00,1,0,0.00,0.00,0,0
1515972528,eth0,0.00,0.00,0.00,0,0,0.00,0.00,0.00,0,0,0.00,0.00,0,0
1515972528,eth1,0.00,0.00,0.00,0,0,0.00,0.00,0.00,0,0,0.00,0.00,0,0
1515972528,s2,0.00,0.00,0.00,0,0,0.00,0.00,0.00,0,0,0.00,0.00,0,0
1515972528,s1-eth2,152588.00,6245592.00,6398180.00,6245592,152588,2062.00,4126.00,6188.00,4126,2062,0.00,0.00,0,0
1515972528,s1-eth1,6245592.00,152588.00,6398180.00,152588,6245592,4126.00,2062.00,6188.00,2062,4126,0.00,0.00,0,0
1515972528,s3,0.00,0.00,0.00,0,0,0.00,0.00,0.00,0,0,0.00,0.00,0,0
1515972528,s2-eth2,152662.00,6245250.00,6397912.00,6245250,152662,2063.00,4125.00,6188.00,4125,2063,0.00,0.00,0,0
1515972528,s2-eth1,6245592.00,152588.00,6398180.00,152588,6245592,4126.00,2062.00,6188.00,2062,4126,0.00,0.00,0,0
1515972528,lo,326.00,326.00,652.00,326,326,3.00,3.00,6.00,3,3,0.00,0.00,0,0
1515972528,s3-eth2,152588.00,6245250.00,6397838.00,6245250,152588,2062.00,4125.00,6187.00,4125,2062,0.00,0.00,0,0
1515972528,s3-eth1,6245250.00,152588.00,6397838.00,152588,6245250,4125.00,2062.00,6187.00,2062,4125,0.00,0.00,0,0
1515972528,total,19194598.00,19194524.00,38389120.00,19194524,19194598,18567.00,18566.00,37133.00,18566,18567,0.00,0.00,0,0
1515972529,s1,0.00,0.00,0.00,0,0,0.00,0.00,0.00,0,0,0.00,0.00,0,0
1515972529,eth0,1921.00,2098.00,4019.00,2098,1921,12.00,12.00,24.00,12,12,0.00,0.00,0,0
1515972529,eth1,0.00,0.00,0.00,0,0,0.00,0.00,0.00,0,0,0.00,0.00,0,0
1515972529,s2,0.00,0.00,0.00,0,0,0.00,0.00,0.00,0,0,0.00,0.00,0,0
1515972529,s1-eth2,150886.00,6174092.00,6324978.00,6174092,150886,2039.00,4078.00,6117.00,4078,2039,0.00,0.00,0,0
1515972529,s1-eth1,6174434.00,150886.00,6325320.00,150886,6174434,4079.00,2039.00,6118.00,2039,4079,0.00,0.00,0,0
1515972529,s3,0.00,0.00,0.00,0,0,0.00,0.00,0.00,0,0,0.00,0.00,0,0
1515972529,s2-eth2,150886.00,6174092.00,6324978.00,6174092,150886,2039.00,4078.00,6117.00,4078,2039,0.00,0.00,0,0
1515972529,s2-eth1,6174092.00,150886.00,6324978.00,150886,6174092,4078.00,2039.00,6117.00,2039,4078,0.00,0.00,0,0
1515972529,lo,653.00,653.00,1306.00,653,653,9.00,9.00,18.00,9,9,0.00,0.00,0,0
1515972529,s3-eth2,150886.00,6174092.00,6324978.00,6174092,150886,2039.00,4078.00,6117.00,4078,2039,0.00,0.00,0,0
1515972529,s3-eth1,6174092.00,150886.00,6324978.00,150886,6174092,4078.00,2039.00,6117.00,2039,4078,0.00,0.00,0,0
1515972529,total,18977850.00,18977684.00,37955536.00,18977685,18977850,18373.00,18372.00,36745.00,18372,18373,0.00,0.00,0,0
1515972530,s1,0.00,0.00,0.00,0,0,0.00,0.00,0.00,0,0,0.00,0.00,0,0
1515972530,eth0,0.00,0.00,0.00,0,0,0.00,0.00,0.00,0,0,0.00,0.00,0,0
1515972530,eth1,0.00,0.00,0.00,0,0,0.00,0.00,0.00,0,0,0.00,0.00,0,0
1515972530,s2,0.00,0.00,0.00,0,0,0.00,0.00,0.00,0,0,0.00,0.00,0,0
1515972530,s1-eth2,152810.00,6249792.00,6402602.00,6249792,152810,2065.00,4128.00,6193.00,4128,2065,0.00,0.00,0,0
1515972530,s1-eth1,6249792.00,152736.00,6402528.00,152736,6249792,4128.00,2064.00,6192.00,2064,4128,0.00,0.00,0,0
1515972530,s3,0.00,0.00,0.00,0,0,0.00,0.00,0.00,0,0,0.00,0.00,0,0
1515972530,s2-eth2,152736.00,6249792.00,6402528.00,6249792,152736,2064.00,4128.00,6192.00,4128,2064,0.00,0.00,0,0
1515972530,s2-eth1,6249792.00,152810.00,6402602.00,152810,6249792,4128.00,2065.00,6193.00,2065,4128,0.00,0.00,0,0
1515972530,lo,0.00,0.00,0.00,0,0,0.00,0.00,0.00,0,0,0.00,0.00,0,0
1515972530,s3-eth2,152736.00,6249792.00,6402528.00,6249792,152736,2064.00,4128.00,6192.00,4128,2064,0.00,0.00,0,0
1515972530,s3-eth1,6249792.00,152736.00,6402528.00,152736,6249792,4128.00,2064.00,6192.00,2064,4128,0.00,0.00,0,0
1515972530,total,19207658.00,19207658.00,38415316.00,19207658,19207658,18577.00,18577.00,37154.00,18577,18577,0.00,0.00,0,0
1515972531,s1,0.00,0.00,0.00,0,0,0.00,0.00,0.00,0,0,0.00,0.00,0,0
1515972531,eth0,0.00,0.00,0.00,0,0,0.00,0.00,0.00,0,0,0.00,0.00,0,0
1515972531,eth1,0.00,0.00,0.00,0,0,0.00,0.00,0.00,0,0,0.00,0.00,0,0
1515972531,s2,0.00,0.00,0.00,0,0,0.00,0.00,0.00,0,0,0.00,0.00,0,0
1515972531,s1-eth2,152366.00,6234652.00,6387018.00,6234652,152366,2059.00,4118.00,6177.00,4118,2059,0.00,0.00,0,0
1515972531,s1-eth1,6234652.00,152366.00,6387018.00,152366,6234652,4118.00,2059.00,6177.00,2059,4118,0.00,0.00,0,0
1515972531,s3,0.00,0.00,0.00,0,0,0.00,0.00,0.00,0,0,0.00,0.00,0,0
1515972531,s2-eth2,152366.00,6234652.00,6387018.00,6234652,152366,2059.00,4118.00,6177.00,4118,2059,0.00,0.00,0,0
1515972531,s2-eth1,6234652.00,152366.00,6387018.00,152366,6234652,4118.00,2059.00,6177.00,2059,4118,0.00,0.00,0,0
1515972531,lo,172.00,172.00,344.00,172,172,3.00,3.00,6.00,3,3,0.00,0.00,0,0
1515972531,s3-eth2,152366.00,6234652.00,6387018.00,6234652,152366,2059.00,4118.00,6177.00,4118,2059,0.00,0.00,0,0
1515972531,s3-eth1,6234652.00,152366.00,6387018.00,152366,6234652,4118.00,2059.00,6177.00,2059,4118,0.00,0.00,0,0
1515972531,total,19161226.00,19161226.00,38322452.00,19161226,19161226,18534.00,18534.00,37068.00,18534,18534,0.00,0.00,0,0
1515972532,s1,0.00,0.00,0.00,0,0,0.00,0.00,0.00,0,0,0.00,0.00,0,0
1515972532,eth0,0.00,0.00,0.00,0,0,0.00,0.00,0.00,0,0,0.00,0.00,0,0
1515972532,eth1,0.00,0.00,0.00,0,0,0.00,0.00,0.00,0,0,0.00,0.00,0,0
1515972532,s2,0.00,342.00,342.00,342,0,0.00,1.00,1.00,1,0,0.00,0.00,0,0
1515972532,s1-eth2,153078.00,6251306.00,6404384.00,6251306,153078,2065.00,4129.00,6194.00,4129,2065,0.00,0.00,0,0
1515972532,s1-eth1,6251306.00,152810.00,6404116.00,152810,6251306,4129.00,2065.00,6194.00,2065,4129,0.00,0.00,0,0
1515972532,s3,0.00,342.00,342.00,342,0,0.00,1.00,1.00,1,0,0.00,0.00,0,0
1515972532,s2-eth2,153152.00,6251306.00,6404458.00,6251306,153152,2066.00,4129.00,6195.00,4129,2066,0.00,0.00,0,0
1515972532,s2-eth1,6251306.00,153078.00,6404384.00,153078,6251306,4129.00,2065.00,6194.00,2065,4129,0.00,0.00,0,0
1515972532,lo,652.00,652.00,1304.00,652,652,6.00,6.00,12.00,6,6,0.00,0.00,0,0
1515972532,s3-eth2,152810.00,6251306.00,6404116.00,6251306,152810,2065.00,4129.00,6194.00,4129,2065,0.00,0.00,0,0
1515972532,s3-eth1,6251306.00,153152.00,6404458.00,153152,6251306,4129.00,2066.00,6195.00,2066,4129,0.00,0.00,0,0
1515972532,total,19213610.00,19214294.00,38427904.00,19214294,19213610,18589.00,18591.00,37180.00,18591,18589,0.00,0.00,0,0
1515972533,s1,0.00,0.00,0.00,0,0,0.00,0.00,0.00,0,0,0.00,0.00,0,0
1515972533,eth0,0.00,0.00,0.00,0,0,0.00,0.00,0.00,0,0,0.00,0.00,0,0
1515972533,eth1,0.00,0.00,0.00,0,0,0.00,0.00,0.00,0,0,0.00,0.00,0,0
1515972533,s2,0.00,0.00,0.00,0,0,0.00,0.00,0.00,0,0,0.00,0.00,0,0
1515972533,s1-eth2,152588.00,6242222.00,6394810.00,6242222,152588,2062.00,4123.00,6185.00,4123,2062,0.00,0.00,0,0
1515972533,s1-eth1,6242222.00,152514.00,6394736.00,152514,6242222,4123.00,2061.00,6184.00,2061,4123,0.00,0.00,0,0
1515972533,s3,0.00,0.00,0.00,0,0,0.00,0.00,0.00,0,0,0.00,0.00,0,0
1515972533,s2-eth2,152514.00,6242222.00,6394736.00,6242222,152514,2061.00,4123.00,6184.00,4123,2061,0.00,0.00,0,0
1515972533,s2-eth1,6242222.00,152588.00,6394810.00,152588,6242222,4123.00,2062.00,6185.00,2062,4123,0.00,0.00,0,0
1515972533,lo,172.00,172.00,344.00,172,172,3.00,3.00,6.00,3,3,0.00,0.00,0,0
1515972533,s3-eth2,152856.00,6242222.00,6395078.00,6242222,152856,2062.00,4123.00,6185.00,4123,2062,0.00,0.00,0,0
1515972533,s3-eth1,6242222.00,152514.00,6394736.00,152514,6242222,4123.00,2061.00,6184.00,2061,4123,0.00,0.00,0,0
1515972533,total,19184796.00,19184454.00,38369248.00,19184454,19184796,18557.00,18556.00,37113.00,18556,18557,0.00,0.00,0,0
1515972534,s1,0.00,0.00,0.00,0,0,0.00,0.00,0.00,0,0,0.00,0.00,0,0
1515972534,eth0,0.00,0.00,0.00,0,0,0.00,0.00,0.00,0,0,0.00,0.00,0,0
1515972534,eth1,0.00,92.00,92.00,92,0,0.00,1.00,1.00,1,0,0.00,0.00,0,0
1515972534,s2,0.00,0.00,0.00,0,0,0.00,0.00,0.00,0,0,0.00,0.00,0,0
1515972534,s1-eth2,151700.00,6208914.00,6360614.00,6208914,151700,2050.00,4101.00,6151.00,4101,2050,0.00,0.00,0,0
1515972534,s1-eth1,6208914.00,151774.00,6360688.00,151774,6208914,4101.00,2051.00,6152.00,2051,4101,0.00,0.00,0,0
1515972534,s3,0.00,0.00,0.00,0,0,0.00,0.00,0.00,0,0,0.00,0.00,0,0
1515972534,s2-eth2,151700.00,6207400.00,6359100.00,6207400,151700,2050.00,4100.00,6150.00,4100,2050,0.00,0.00,0,0
1515972534,s2-eth1,6208914.00,151700.00,6360614.00,151700,6208914,4101.00,2050.00,6151.00,2050,4101,0.00,0.00,0,0
1515972534,lo,0.00,0.00,0.00,0,0,0.00,0.00,0.00,0,0,0.00,0.00,0,0
1515972534,s3-eth2,151700.00,6208914.00,6360614.00,6208914,151700,2050.00,4101.00,6151.00,4101,2050,0.00,0.00,0,0
1515972534,s3-eth1,6207400.00,151700.00,6359100.00,151700,6207400,4100.00,2050.00,6150.00,2050,4100,0.00,0.00,0,0
1515972534,total,19080328.00,19080494.00,38160824.00,19080494,19080328,18452.00,18454.00,36906.00,18454,18452,0.00,0.00,0,0
1515972535,s1,0.00,0.00,0.00,0,0,0.00,0.00,0.00,0,0,0.00,0.00,0,0
1515972535,eth0,0.00,0.00,0.00,0,0,0.00,0.00,0.00,0,0,0.00,0.00,0,0
1515972535,eth1,0.00,184.00,184.00,184,0,0.00,2.00,2.00,2,0,0.00,0.00,0,0
1515972535,s2,0.00,0.00,0.00,0,0,0.00,0.00,0.00,0,0,0.00,0.00,0,0
1515972535,s1-eth2,152736.00,6251306.00,6404042.00,6251306,152736,2064.00,4129.00,6193.00,4129,2064,0.00,0.00,0,0
1515972535,s1-eth1,6251306.00,152736.00,6404042.00,152736,6251306,4129.00,2064.00,6193.00,2064,4129,0.00,0.00,0,0
1515972535,s3,0.00,0.00,0.00,0,0,0.00,0.00,0.00,0,0,0.00,0.00,0,0
1515972535,s2-eth2,152810.00,6252820.00,6405630.00,6252820,152810,2065.00,4130.00,6195.00,4130,2065,0.00,0.00,0,0
1515972535,s2-eth1,6251306.00,152810.00,6404116.00,152810,6251306,4129.00,2065.00,6194.00,2065,4129,0.00,0.00,0,0
1515972535,lo,0.00,0.00,0.00,0,0,0.00,0.00,0.00,0,0,0.00,0.00,0,0
1515972535,s3-eth2,152810.00,6252820.00,6405630.00,6252820,152810,2065.00,4130.00,6195.00,4130,2065,0.00,0.00,0,0
1515972535,s3-eth1,6252820.00,152810.00,6405630.00,152810,6252820,4130.00,2065.00,6195.00,2065,4130,0.00,0.00,0,0
1515972535,total,19213788.00,19215486.00,38429272.00,19215486,19213788,18582.00,18585.00,37167.00,18585,18582,0.00,0.00,0,0
1515972536,s1,0.00,0.00,0.00,0,0,0.00,0.00,0.00,0,0,0.00,0.00,0,0
1515972536,eth0,0.00,0.00,0.00,0,0,0.00,0.00,0.00,0,0,0.00,0.00,0,0
1515972536,eth1,0.00,0.00,0.00,0,0,0.00,0.00,0.00,0,0,0.00,0.00,0,0
1515972536,s2,0.00,0.00,0.00,0,0,0.00,0.00,0.00,0,0,0.00,0.00,0,0
1515972536,s1-eth2,152440.00,6234652.00,6387092.00,6234652,152440,2060.00,4118.00,6178.00,4118,2060,0.00,0.00,0,0
1515972536,s1-eth1,6236166.00,152366.00,6388532.00,152366,6236166,4119.00,2059.00,6178.00,2059,4119,0.00,0.00,0,0
1515972536,s3,0.00,0.00,0.00,0,0,0.00,0.00,0.00,0,0,0.00,0.00,0,0
1515972536,s2-eth2,152366.00,6234652.00,6387018.00,6234652,152366,2059.00,4118.00,6177.00,4118,2059,0.00,0.00,0,0
1515972536,s2-eth1,6234652.00,152366.00,6387018.00,152366,6234652,4118.00,2059.00,6177.00,2059,4118,0.00,0.00,0,0
1515972536,lo,0.00,0.00,0.00,0,0,0.00,0.00,0.00,0,0,0.00,0.00,0,0
1515972536,s3-eth2,152366.00,6234652.00,6387018.00,6234652,152366,2059.00,4118.00,6177.00,4118,2059,0.00,0.00,0,0
1515972536,s3-eth1,6234652.00,152366.00,6387018.00,152366,6234652,4118.00,2059.00,6177.00,2059,4118,0.00,0.00,0,0
1515972536,total,19162642.00,19161054.00,38323696.00,19161054,19162642,18533.00,18531.00,37064.00,18531,18533,0.00,0.00,0,0
1515972537,s1,0.00,0.00,0.00,0,0,0.00,0.00,0.00,0,0,0.00,0.00,0,0
1515972537,eth0,0.00,0.00,0.00,0,0,0.00,0.00,0.00,0,0,0.00,0.00,0,0
1515972537,eth1,0.00,0.00,0.00,0,0,0.00,0.00,0.00,0,0,0.00,0.00,0,0
1515972537,s2,0.00,0.00,0.00,0,0,0.00,0.00,0.00,0,0,0.00,0.00,0,0
1515972537,s1-eth2,149300.00,6107518.00,6256818.00,6107518,149300,2018.00,4035.00,6053.00,4035,2018,0.00,0.00,0,0
1515972537,s1-eth1,6106004.00,149300.00,6255304.00,149300,6106004,4034.00,2018.00,6052.00,2018,4034,0.00,0.00,0,0
1515972537,s3,0.00,0.00,0.00,0,0,0.00,0.00,0.00,0,0,0.00,0.00,0,0
1515972537,s2-eth2,149300.00,6107518.00,6256818.00,6107518,149300,2018.00,4035.00,6053.00,4035,2018,0.00,0.00,0,0
1515972537,s2-eth1,6107518.00,149300.00,6256818.00,149300,6107518,4035.00,2018.00,6053.00,2018,4035,0.00,0.00,0,0
1515972537,lo,1232.00,1232.00,2464.00,1232,1232,15.00,15.00,30.00,15,15,0.00,0.00,0,0
1515972537,s3-eth2,149300.00,6107518.00,6256818.00,6107518,149300,2018.00,4035.00,6053.00,4035,2018,0.00,0.00,0,0
1515972537,s3-eth1,6107518.00,149300.00,6256818.00,149300,6107518,4035.00,2018.00,6053.00,2018,4035,0.00,0.00,0,0
1515972537,total,18770172.00,18771686.00,37541856.00,18771686,18770172,18173.00,18174.00,36347.00,18174,18173,0.00,0.00,0,0
1515972538,s1,0.00,0.00,0.00,0,0,0.00,0.00,0.00,0,0,0.00,0.00,0,0
1515972538,eth0,0.00,0.00,0.00,0,0,0.00,0.00,0.00,0,0,0.00,0.00,0,0
1515972538,eth1,0.00,0.00,0.00,0,0,0.00,0.00,0.00,0,0,0.00,0.00,0,0
1515972538,s2,0.00,0.00,0.00,0,0,0.00,0.00,0.00,0,0,0.00,0.00,0,0
1515972538,s1-eth2,150664.00,6165008.00,6315672.00,6165008,150664,2036.00,4072.00,6108.00,4072,2036,0.00,0.00,0,0
1515972538,s1-eth1,6166522.00,150664.00,6317186.00,150664,6166522,4073.00,2036.00,6109.00,2036,4073,0.00,0.00,0,0
1515972538,s3,0.00,0.00,0.00,0,0,0.00,0.00,0.00,0,0,0.00,0.00,0,0
1515972538,s2-eth2,150664.00,6165008.00,6315672.00,6165008,150664,2036.00,4072.00,6108.00,4072,2036,0.00,0.00,0,0
1515972538,s2-eth1,6165008.00,150664.00,6315672.00,150664,6165008,4072.00,2036.00,6108.00,2036,4072,0.00,0.00,0,0
1515972538,lo,0.00,0.00,0.00,0,0,0.00,0.00,0.00,0,0,0.00,0.00,0,0
1515972538,s3-eth2,150664.00,6165008.00,6315672.00,6165008,150664,2036.00,4072.00,6108.00,4072,2036,0.00,0.00,0,0
1515972538,s3-eth1,6165008.00,150664.00,6315672.00,150664,6165008,4072.00,2036.00,6108.00,2036,4072,0.00,0.00,0,0
1515972538,total,18948530.00,18947016.00,37895544.00,18947016,18948530,18325.00,18324.00,36649.00,18324,18325,0.00,0.00,0,0
1515972539,s1,0.00,0.00,0.00,0,0,0.00,0.00,0.00,0,0,0.00,0.00,0,0
1515972539,eth0,0.00,0.00,0.00,0,0,0.00,0.00,0.00,0,0,0.00,0.00,0,0
1515972539,eth1,342.00,590.00,932.00,590,342,1.00,1.00,2.00,1,1,0.00,0.00,0,0
1515972539,s2,0.00,0.00,0.00,0,0,0.00,0.00,0.00,0,0,0.00,0.00,0,0
1515972539,s1-eth2,151256.00,6189232.00,6340488.00,6189232,151256,2044.00,4088.00,6132.00,4088,2044,0.00,0.00,0,0
1515972539,s1-eth1,6189232.00,151256.00,6340488.00,151256,6189232,4088.00,2044.00,6132.00,2044,4088,0.00,0.00,0,0
1515972539,s3,0.00,0.00,0.00,0,0,0.00,0.00,0.00,0,0,0.00,0.00,0,0
1515972539,s2-eth2,151256.00,6189232.00,6340488.00,6189232,151256,2044.00,4088.00,6132.00,4088,2044,0.00,0.00,0,0
1515972539,s2-eth1,6189232.00,151256.00,6340488.00,151256,6189232,4088.00,2044.00,6132.00,2044,4088,0.00,0.00,0,0
1515972539,lo,0.00,0.00,0.00,0,0,0.00,0.00,0.00,0,0,0.00,0.00,0,0
1515972539,s3-eth2,151256.00,6193774.00,6345030.00,6193774,151256,2044.00,4091.00,6135.00,4091,2044,0.00,0.00,0,0
1515972539,s3-eth1,6189232.00,151256.00,6340488.00,151256,6189232,4088.00,2044.00,6132.00,2044,4088,0.00,0.00,0,0
1515972539,total,19021806.00,19026596.00,38048400.00,19026596,19021806,18397.00,18400.00,36797.00,18400,18397,0.00,0.00,0,0
1515972540,s1,0.00,1092.00,1092.00,1092,0,0.00,6.00,6.00,6,0,0.00,0.00,0,0
1515972540,eth0,608.00,980.00,1588.00,980,608,8.00,8.00,16.00,8,8,0.00,0.00,0,0
1515972540,eth1,0.00,0.00,0.00,0,0,0.00,0.00,0.00,0,0,0.00,0.00,0,0
1515972540,s2,0.00,1280.00,1280.00,1280,0,0.00,8.00,8.00,8,0,0.00,0.00,0,0
1515972540,s1-eth2,139908.00,5699788.00,5839696.00,5699788,139908,1886.00,3770.00,5656.00,3770,1886,0.00,0.00,0,0
1515972540,s1-eth1,5695886.00,139194.00,5835080.00,139194,5695886,3771.00,1881.00,5652.00,1881,3771,0.00,0.00,0,0
1515972540,s3,0.00,1170.00,1170.00,1170,0,0.00,7.00,7.00,7,0,0.00,0.00,0,0
1515972540,s2-eth2,140438.00,5702364.00,5842802.00,5702364,140438,1889.00,3770.00,5659.00,3770,1889,0.00,0.00,0,0
1515972540,s2-eth1,5699788.00,139908.00,5839696.00,139908,5699788,3770.00,1886.00,5656.00,1886,3770,0.00,0.00,0,0
1515972540,lo,7780.00,7780.00,15560.00,7780,7780,79.00,79.00,158.00,79,79,0.00,0.00,0,0
1515972540,s3-eth2,140438.00,5697182.00,5837620.00,5697182,140438,1889.00,3763.00,5652.00,3763,1889,0.00,0.00,0,0
1515972540,s3-eth1,5702364.00,140438.00,5842802.00,140438,5702364,3770.00,1889.00,5659.00,1889,3770,0.00,0.00,0,0
1515972540,total,17527210.00,17531176.00,35058384.00,17531176,17527210,17062.00,17067.00,34129.00,17067,17062,0.00,0.00,0,0
1515972541,s1,0.00,1187.00,1187.00,1187,0,0.00,9.00,9.00,9,0,0.00,0.00,0,0
1515972541,eth0,456.00,490.00,946.00,490,456,6.00,4.00,10.00,4,6,0.00,0.00,0,0
1515972541,eth1,0.00,980.00,980.00,980,0,0.00,5.00,5.00,5,0,0.00,0.00,0,0
1515972541,s2,0.00,2433.00,2433.00,2433,0,0.00,16.00,16.00,16,0,0.00,0.00,0,0
1515972541,s1-eth2,148176.00,6004197.00,6152373.00,6004197,148176,1992.00,3974.00,5966.00,3974,1992,0.00,0.00,0,0
1515972541,s1-eth1,6008114.00,146816.00,6154930.00,146816,6008114,3982.00,1984.00,5966.00,1984,3982,0.00,0.00,0,0
1515972541,s3,0.00,1794.00,1794.00,1794,0,0.00,13.00,13.00,13,0,0.00,0.00,0,0
1515972541,s2-eth2,148610.00,6002495.00,6151105.00,6002495,148610,1997.00,3971.00,5968.00,3971,1997,0.00,0.00,0,0
1515972541,s2-eth1,6004197.00,148176.00,6152373.00,148176,6004197,3974.00,1992.00,5966.00,1992,3974,0.00,0.00,0,0
1515972541,lo,11634.00,11634.00,23268.00,11634,11634,113.00,113.00,226.00,113,113,0.00,0.00,0,0
1515972541,s3-eth2,149234.00,6003010.00,6152244.00,6003010,149234,2001.00,3965.00,5966.00,3965,2001,0.00,0.00,0,0
1515972541,s3-eth1,6002495.00,148610.00,6151105.00,148610,6002495,3971.00,1997.00,5968.00,1997,3971,0.00,0.00,0,0
1515972541,total,18472916.00,18471822.00,36944736.00,18471822,18472916,18036.00,18043.00,36079.00,18043,18036,0.00,0.00,0,0
1515972542,s1,0.00,3662.00,3662.00,3662,0,0.00,17.00,17.00,17,0,0.00,0.00,0,0
1515972542,eth0,0.00,0.00,0.00,0,0,0.00,0.00,0.00,0,0,0.00,0.00,0,0
1515972542,eth1,0.00,0.00,0.00,0,0,0.00,0.00,0.00,0,0,0.00,0.00,0,0
1515972542,s2,0.00,2522.00,2522.00,2522,0,0.00,10.00,10.00,10,0,0.00,0.00,0,0
1515972542,s1-eth2,152296.00,6200464.00,6352760.00,6200464,152296,2049.00,4110.00,6159.00,4110,2049,0.00,0.00,0,0
1515972542,s1-eth1,6202317.00,151404.00,6353721.00,151404,6202317,4118.00,2046.00,6164.00,2046,4118,0.00,0.00,0,0
1515972542,s3,0.00,3164.00,3164.00,3164,0,0.00,13.00,13.00,13,0,0.00,0.00,0,0
1515972542,s2-eth2,154494.00,6204414.00,6358908.00,6204414,154494,2058.00,4103.00,6161.00,4103,2058,0.00,0.00,0,0
1515972542,s2-eth1,6201978.00,152370.00,6354348.00,152370,6201978,4111.00,2050.00,6161.00,2050,4111,0.00,0.00,0,0
1515972542,lo,12332.00,12332.00,24664.00,12332,12332,115.00,115.00,230.00,115,115,0.00,0.00,0,0
1515972542,s3-eth2,155744.00,6202858.00,6358602.00,6202858,155744,2065.00,4097.00,6162.00,4097,2065,0.00,0.00,0,0
1515972542,s3-eth1,6204414.00,154494.00,6358908.00,154494,6204414,4103.00,2058.00,6161.00,2058,4103,0.00,0.00,0,0
1515972542,total,19083576.00,19087684.00,38171260.00,19087684,19083575,18619.00,18619.00,37238.00,18619,18619,0.00,0.00,0,0
1515972543,s1,0.00,1150.00,1150.00,1150,0,0.00,5.00,5.00,5,0,0.00,0.00,0,0
1515972543,eth0,0.00,0.00,0.00,0,0,0.00,0.00,0.00,0,0,0.00,0.00,0,0
1515972543,eth1,0.00,0.00,0.00,0,0,0.00,0.00,0.00,0,0,0.00,0.00,0,0
1515972543,s2,0.00,1183.00,1183.00,1183,0,0.00,4.00,4.00,4,0,0.00,0.00,0,0
1515972543,s1-eth2,152295.00,6204008.00,6356303.00,6204008,152295,2051.00,4102.00,6153.00,4102,2051,0.00,0.00,0,0
1515972543,s1-eth1,6204335.00,151552.00,6355887.00,151552,6204335,4103.00,2048.00,6151.00,2048,4103,0.00,0.00,0,0
1515972543,s3,0.00,1290.00,1290.00,1290,0,0.00,5.00,5.00,5,0,0.00,0.00,0,0
1515972543,s2-eth2,152842.00,6204886.00,6357728.00,6204886,152842,2053.00,4100.00,6153.00,4100,2053,0.00,0.00,0,0
1515972543,s2-eth1,6202494.00,152221.00,6354715.00,152221,6202494,4101.00,2050.00,6151.00,2050,4101,0.00,0.00,0,0
1515972543,lo,4522.00,4522.00,9044.00,4522,4522,42.00,42.00,84.00,42,42,0.00,0.00,0,0
1515972543,s3-eth2,154008.00,6205886.00,6359894.00,6205886,154008,2059.00,4099.00,6158.00,4099,2059,0.00,0.00,0,0
1515972543,s3-eth1,6204886.00,152842.00,6357728.00,152842,6204886,4100.00,2053.00,6153.00,2053,4100,0.00,0.00,0,0
1515972543,total,19075382.00,19079540.00,38154920.00,19079540,19075382,18509.00,18508.00,37017.00,18508,18509,0.00,0.00,0,0
1515972544,s1,0.00,434.00,434.00,434,0,0.00,2.00,2.00,2,0,0.00,0.00,0,0
1515972544,eth0,0.00,0.00,0.00,0,0,0.00,0.00,0.00,0,0,0.00,0.00,0,0
1515972544,eth1,60.00,60.00,120.00,60,60,1.00,1.00,2.00,1,1,0.00,0.00,0,0
1515972544,s2,0.00,481.00,481.00,481,0,0.00,3.00,3.00,3,0,0.00,0.00,0,0
1515972544,s1-eth2,152888.00,6239628.00,6392516.00,6239628,152888,2063.00,4123.00,6186.00,4123,2063,0.00,0.00,0,0
1515972544,s1-eth1,6240002.00,152588.00,6392590.00,152588,6240002,4125.00,2062.00,6187.00,2062,4125,0.00,0.00,0,0
1515972544,s3,0.00,374.00,374.00,374,0,0.00,2.00,2.00,2,0,0.00,0.00,0,0
1515972544,s2-eth2,152962.00,6239301.00,6392263.00,6239301,152962,2064.00,4122.00,6186.00,4122,2064,0.00,0.00,0,0
1515972544,s2-eth1,6239628.00,152888.00,6392516.00,152888,6239628,4123.00,2063.00,6186.00,2063,4123,0.00,0.00,0,0
1515972544,lo,2198.00,2198.00,4396.00,2198,2198,21.00,21.00,42.00,21,21,0.00,0.00,0,0
1515972544,s3-eth2,153631.00,6239194.00,6392825.00,6239194,153631,2066.00,4121.00,6187.00,4121,2066,0.00,0.00,0,0
1515972544,s3-eth1,6239301.00,152962.00,6392263.00,152962,6239301,4122.00,2064.00,6186.00,2064,4122,0.00,0.00,0,0
1515972544,total,19180670.00,19180108.00,38360776.00,19180108,19180670,18585.00,18584.00,37169.00,18584,18585,0.00,0.00,0,0
1515972545,s1,0.00,1038.00,1038.00,1038,0,0.00,5.00,5.00,5,0,0.00,0.00,0,0
1515972545,eth0,0.00,0.00,0.00,0,0,0.00,0.00,0.00,0,0,0.00,0.00,0,0
1515972545,eth1,0.00,0.00,0.00,0,0,0.00,0.00,0.00,0,0,0.00,0.00,0,0
1515972545,s2,0.00,1061.00,1061.00,1061,0,0.00,5.00,5.00,5,0,0.00,0.00,0,0
1515972545,s1-eth2,152837.00,6243260.00,6396097.00,6243260,152837,2062.00,4128.00,6190.00,4128,2062,0.00,0.00,0,0
1515972545,s1-eth1,6242143.00,152440.00,6394583.00,152440,6242143,4129.00,2060.00,6189.00,2060,4129,0.00,0.00,0,0
1515972545,s3,0.00,1168.00,1168.00,1168,0,0.00,6.00,6.00,6,0,0.00,0.00,0,0
1515972545,s2-eth2,153608.00,6241372.00,6394980.00,6241372,153608,2066.00,4125.00,6191.00,4125,2066,0.00,0.00,0,0
1515972545,s2-eth1,6243260.00,152837.00,6396097.00,152837,6243260,4128.00,2062.00,6190.00,2062,4128,0.00,0.00,0,0
1515972545,lo,4832.00,4832.00,9664.00,4832,4832,47.00,47.00,94.00,47,47,0.00,0.00,0,0
1515972545,s3-eth2,153912.00,6242222.00,6396134.00,6242222,153912,2067.00,4123.00,6190.00,4123,2067,0.00,0.00,0,0
1515972545,s3-eth1,6241372.00,153608.00,6394980.00,153608,6241372,4125.00,2066.00,6191.00,2066,4125,0.00,0.00,0,0
1515972545,total,19191964.00,19193838.00,38385800.00,19193838,19191964,18624.00,18627.00,37251.00,18627,18624,0.00,0.00,0,0
1515972546,s1,0.00,1081.00,1081.00,1081,0,0.00,4.00,4.00,4,0,0.00,0.00,0,0
1515972546,eth0,304.00,490.00,794.00,490,304,4.00,4.00,8.00,4,4,0.00,0.00,0,0
1515972546,eth1,0.00,0.00,0.00,0,0,0.00,0.00,0.00,0,0,0.00,0.00,0,0
1515972546,s2,0.00,342.00,342.00,342,0,0.00,1.00,1.00,1,0,0.00,0.00,0,0
1515972546,s1-eth2,152218.00,6228163.00,6380381.00,6228163,152218,2057.00,4117.00,6174.00,4117,2057,0.00,0.00,0,0
1515972546,s1-eth1,6228505.00,152144.00,6380649.00,152144,6228505,4118.00,2056.00,6174.00,2056,4118,0.00,0.00,0,0
1515972546,s3,0.00,0.00,0.00,0,0,0.00,0.00,0.00,0,0,0.00,0.00,0,0
1515972546,s2-eth2,152144.00,6227424.00,6379568.00,6227424,152144,2056.00,4114.00,6170.00,4114,2056,0.00,0.00,0,0
1515972546,s2-eth1,6228163.00,152218.00,6380381.00,152218,6228163,4117.00,2057.00,6174.00,2057,4117,0.00,0.00,0,0
1515972546,lo,2254.00,2254.00,4508.00,2254,2254,23.00,23.00,46.00,23,23,0.00,0.00,0,0
1515972546,s3-eth2,152611.00,6227082.00,6379693.00,6227082,152611,2059.00,4113.00,6172.00,4113,2059,0.00,0.00,0,0
1515972546,s3-eth1,6227424.00,152144.00,6379568.00,152144,6227424,4114.00,2056.00,6170.00,2056,4114,0.00,0.00,0,0
1515972546,total,19143624.00,19143342.00,38286964.00,19143342,19143623,18548.00,18545.00,37093.00,18545,18548,0.00,0.00,0,0
1515972547,s1,0.00,0.00,0.00,0,0,0.00,0.00,0.00,0,0,0.00,0.00,0,0
1515972547,eth0,0.00,0.00,0.00,0,0,0.00,0.00,0.00,0,0,0.00,0.00,0,0
1515972547,eth1,0.00,0.00,0.00,0,0,0.00,0.00,0.00,0,0,0.00,0.00,0,0
1515972547,s2,0.00,0.00,0.00,0,0,0.00,0.00,0.00,0,0,0.00,0.00,0,0
1515972547,s1-eth2,152736.00,6251306.00,6404042.00,6251306,152736,2064.00,4129.00,6193.00,4129,2064,0.00,0.00,0,0
1515972547,s1-eth1,6251306.00,152810.00,6404116.00,152810,6251306,4129.00,2065.00,6194.00,2065,4129,0.00,0.00,0,0
1515972547,s3,0.00,0.00,0.00,0,0,0.00,0.00,0.00,0,0,0.00,0.00,0,0
1515972547,s2-eth2,152810.00,6252820.00,6405630.00,6252820,152810,2065.00,4130.00,6195.00,4130,2065,0.00,0.00,0,0
1515972547,s2-eth1,6251306.00,152736.00,6404042.00,152736,6251306,4129.00,2064.00,6193.00,2064,4129,0.00,0.00,0,0
1515972547,lo,0.00,0.00,0.00,0,0,0.00,0.00,0.00,0,0,0.00,0.00,0,0
1515972547,s3-eth2,153152.00,6252820.00,6405972.00,6252820,153152,2066.00,4130.00,6196.00,4130,2066,0.00,0.00,0,0
1515972547,s3-eth1,6252820.00,152810.00,6405630.00,152810,6252820,4130.00,2065.00,6195.00,2065,4130,0.00,0.00,0,0
1515972547,total,19214130.00,19215302.00,38429432.00,19215302,19214130,18583.00,18583.00,37166.00,18583,18583,0.00,0.00,0,0
1515972548,s1,0.00,107.00,107.00,107,0,0.00,1.00,1.00,1,0,0.00,0.00,0,0
1515972548,eth0,0.00,0.00,0.00,0,0,0.00,0.00,0.00,0,0,0.00,0.00,0,0
1515972548,eth1,0.00,0.00,0.00,0,0,0.00,0.00,0.00,0,0,0.00,0.00,0,0
1515972548,s2,0.00,556.00,556.00,556,0,0.00,3.00,3.00,3,0,0.00,0.00,0,0
1515972548,s1-eth2,151779.00,6190853.00,6342632.00,6190853,151779,2047.00,4090.00,6137.00,4090,2047,0.00,0.00,0,0
1515972548,s1-eth1,6192474.00,151330.00,6343804.00,151330,6192474,4092.00,2045.00,6137.00,2045,4092,0.00,0.00,0,0
1515972548,s3,0.00,449.00,449.00,449,0,0.00,2.00,2.00,2,0,0.00,0.00,0,0
1515972548,s2-eth2,151779.00,6187825.00,6339604.00,6187825,151779,2047.00,4088.00,6135.00,4088,2047,0.00,0.00,0,0
1515972548,s2-eth1,6190853.00,151779.00,6342632.00,151779,6190853,4090.00,2047.00,6137.00,2047,4090,0.00,0.00,0,0
1515972548,lo,1872.00,1872.00,3744.00,1872,1872,18.00,18.00,36.00,18,18,0.00,0.00,0,0
1515972548,s3-eth2,151779.00,6184690.00,6336469.00,6184690,151779,2047.00,4085.00,6132.00,4085,2047,0.00,0.00,0,0
1515972548,s3-eth1,6187825.00,151779.00,6339604.00,151779,6187825,4088.00,2047.00,6135.00,2047,4088,0.00,0.00,0,0
1515972548,total,19028360.00,19021240.00,38049600.00,19021240,19028361,18429.00,18426.00,36855.00,18426,18429,0.00,0.00,0,0
1515972549,s1,0.00,177.00,177.00,177,0,0.00,2.00,2.00,2,0,0.00,0.00,0,0
1515972549,eth0,0.00,0.00,0.00,0,0,0.00,0.00,0.00,0,0,0.00,0.00,0,0
1515972549,eth1,0.00,0.00,0.00,0,0,0.00,0.00,0.00,0,0,0.00,0.00,0,0
1515972549,s2,0.00,140.00,140.00,140,0,0.00,2.00,2.00,2,0,0.00,0.00,0,0
1515972549,s1-eth2,152806.00,6246941.00,6399747.00,6246941,152806,2065.00,4128.00,6193.00,4128,2065,0.00,0.00,0,0
1515972549,s1-eth1,6247011.00,152662.00,6399673.00,152662,6247011,4129.00,2063.00,6192.00,2063,4129,0.00,0.00,0,0
1515972549,s3,0.00,177.00,177.00,177,0,0.00,2.00,2.00,2,0,0.00,0.00,0,0
1515972549,s2-eth2,152909.00,6246834.00,6399743.00,6246834,152909,2066.00,4127.00,6193.00,4127,2066,0.00,0.00,0,0
1515972549,s2-eth1,6246941.00,152806.00,6399747.00,152806,6246941,4128.00,2065.00,6193.00,2065,4128,0.00,0.00,0,0
1515972549,lo,1822.00,1822.00,3644.00,1822,1822,19.00,19.00,38.00,19,19,0.00,0.00,0,0
1515972549,s3-eth2,152946.00,6246764.00,6399710.00,6246764,152946,2066.00,4126.00,6192.00,4126,2066,0.00,0.00,0,0
1515972549,s3-eth1,6246834.00,152909.00,6399743.00,152909,6246834,4127.00,2066.00,6193.00,2066,4127,0.00,0.00,0,0
1515972549,total,19201268.00,19201232.00,38402500.00,19201232,19201269,18600.00,18600.00,37200.00,18600,18600,0.00,0.00,0,0
1515972550,s1,0.00,70.00,70.00,70,0,0.00,1.00,1.00,1,0,0.00,0.00,0,0
1515972550,eth0,0.00,0.00,0.00,0,0,0.00,0.00,0.00,0,0,0.00,0.00,0,0
1515972550,eth1,0.00,0.00,0.00,0,0,0.00,0.00,0.00,0,0,0.00,0.00,0,0
1515972550,s2,0.00,0.00,0.00,0,0,0.00,0.00,0.00,0,0,0.00,0.00,0,0
1515972550,s1-eth2,152514.00,6242292.00,6394806.00,6242292,152514,2061.00,4124.00,6185.00,4124,2061,0.00,0.00,0,0
1515972550,s1-eth1,6242292.00,152588.00,6394880.00,152588,6242292,4124.00,2062.00,6186.00,2062,4124,0.00,0.00,0,0
1515972550,s3,0.00,412.00,412.00,412,0,0.00,2.00,2.00,2,0,0.00,0.00,0,0
1515972550,s2-eth2,152856.00,6242222.00,6395078.00,6242222,152856,2062.00,4123.00,6185.00,4123,2062,0.00,0.00,0,0
1515972550,s2-eth1,6242292.00,152514.00,6394806.00,152514,6242292,4124.00,2061.00,6185.00,2061,4124,0.00,0.00,0,0
1515972550,lo,722.00,722.00,1444.00,722,722,8.00,8.00,16.00,8,8,0.00,0.00,0,0
1515972550,s3-eth2,153070.00,6242222.00,6395292.00,6242222,153070,2065.00,4123.00,6188.00,4123,2065,0.00,0.00,0,0
1515972550,s3-eth1,6242222.00,152856.00,6395078.00,152856,6242222,4123.00,2062.00,6185.00,2062,4123,0.00,0.00,0,0
1515972550,total,19185968.00,19185898.00,38371864.00,19185898,19185968,18567.00,18566.00,37133.00,18566,18567,0.00,0.00,0,0
1515972551,s1,0.00,342.00,342.00,342,0,0.00,1.00,1.00,1,0,0.00,0.00,0,0
1515972551,eth0,0.00,0.00,0.00,0,0,0.00,0.00,0.00,0,0,0.00,0.00,0,0
1515972551,eth1,0.00,0.00,0.00,0,0,0.00,0.00,0.00,0,0,0.00,0.00,0,0
1515972551,s2,0.00,0.00,0.00,0,0,0.00,0.00,0.00,0,0,0.00,0.00,0,0
1515972551,s1-eth2,150886.00,6174434.00,6325320.00,6174434,150886,2039.00,4079.00,6118.00,4079,2039,0.00,0.00,0,0
1515972551,s1-eth1,6174776.00,150886.00,6325662.00,150886,6174776,4080.00,2039.00,6119.00,2039,4080,0.00,0.00,0,0
1515972551,s3,0.00,0.00,0.00,0,0,0.00,0.00,0.00,0,0,0.00,0.00,0,0
1515972551,s2-eth2,150886.00,6178634.00,6329520.00,6178634,150886,2039.00,4081.00,6120.00,4081,2039,0.00,0.00,0,0
1515972551,s2-eth1,6174434.00,150886.00,6325320.00,150886,6174434,4079.00,2039.00,6118.00,2039,4079,0.00,0.00,0,0
1515972551,lo,326.00,326.00,652.00,326,326,3.00,3.00,6.00,3,3,0.00,0.00,0,0
1515972551,s3-eth2,150886.00,6175606.00,6326492.00,6175606,150886,2039.00,4079.00,6118.00,4079,2039,0.00,0.00,0,0
1515972551,s3-eth1,6178634.00,150886.00,6329520.00,150886,6178634,4081.00,2039.00,6120.00,2039,4081,0.00,0.00,0,0
1515972551,total,18980828.00,18982000.00,37962828.00,18982000,18980828,18360.00,18360.00,36720.00,18360,18360,0.00,0.00,0,0
1515972552,s1,0.00,0.00,0.00,0,0,0.00,0.00,0.00,0,0,0.00,0.00,0,0
1515972552,eth0,0.00,0.00,0.00,0,0,0.00,0.00,0.00,0,0,0.00,0.00,0,0
1515972552,eth1,0.00,0.00,0.00,0,0,0.00,0.00,0.00,0,0,0.00,0.00,0,0
1515972552,s2,0.00,0.00,0.00,0,0,0.00,0.00,0.00,0,0,0.00,0.00,0,0
1515972552,s1-eth2,152736.00,6252820.00,6405556.00,6252820,152736,2064.00,4130.00,6194.00,4130,2064,0.00,0.00,0,0
1515972552,s1-eth1,6252820.00,152736.00,6405556.00,152736,6252820,4130.00,2064.00,6194.00,2064,4130,0.00,0.00,0,0
1515972552,s3,0.00,0.00,0.00,0,0,0.00,0.00,0.00,0,0,0.00,0.00,0,0
1515972552,s2-eth2,152810.00,6252820.00,6405630.00,6252820,152810,2065.00,4130.00,6195.00,4130,2065,0.00,0.00,0,0
1515972552,s2-eth1,6252820.00,152810.00,6405630.00,152810,6252820,4130.00,2065.00,6195.00,2065,4130,0.00,0.00,0,0
1515972552,lo,0.00,0.00,0.00,0,0,0.00,0.00,0.00,0,0,0.00,0.00,0,0
1515972552,s3-eth2,153078.00,6252820.00,6405898.00,6252820,153078,2065.00,4130.00,6195.00,4130,2065,0.00,0.00,0,0
1515972552,s3-eth1,6252820.00,152810.00,6405630.00,152810,6252820,4130.00,2065.00,6195.00,2065,4130,0.00,0.00,0,0
1515972552,total,19217084.00,19216816.00,38433900.00,19216816,19217084,18584.00,18584.00,37168.00,18584,18584,0.00,0.00,0,0
1515972553,s1,0.00,0.00,0.00,0,0,0.00,0.00,0.00,0,0,0.00,0.00,0,0
1515972553,eth0,0.00,0.00,0.00,0,0,0.00,0.00,0.00,0,0,0.00,0.00,0,0
1515972553,eth1,0.00,0.00,0.00,0,0,0.00,0.00,0.00,0,0,0.00,0.00,0,0
1515972553,s2,0.00,0.00,0.00,0,0,0.00,0.00,0.00,0,0,0.00,0.00,0,0
1515972553,s1-eth2,71052.00,2710010.00,2781062.00,2710010,71052,960.00,1793.00,2753.00,1793,960,0.00,0.00,0,0
1515972553,s1-eth1,2773598.00,69498.00,2843096.00,69498,2773598,1835.00,939.00,2774.00,939,1835,0.00,0.00,0,0
1515972553,s3,0.00,0.00,0.00,0,0,0.00,0.00,0.00,0,0,0.00,0.00,0,0
1515972553,s2-eth2,72532.00,2635824.00,2708356.00,2635824,72532,980.00,1744.00,2724.00,1744,980,0.00,0.00,0,0
1515972553,s2-eth1,2710010.00,70978.00,2780988.00,70978,2710010,1793.00,959.00,2752.00,959,1793,0.00,0.00,0,0
1515972553,lo,0.00,0.00,0.00,0,0,0.00,0.00,0.00,0,0,0.00,0.00,0,0
1515972553,s3-eth2,74086.00,2572236.00,2646322.00,2572236,74086,1001.00,1702.00,2703.00,1702,1001,0.00,0.00,0,0
1515972553,s3-eth1,2635824.00,72532.00,2708356.00,72532,2635824,1744.00,980.00,2724.00,980,1744,0.00,0.00,0,0
1515972553,total,8328773.50,8122955.50,16451729.00,8131078,8337102,8304.70,8108.89,16413.59,8117,8313,0.00,0.00,0,0
1515972554,s1,0.00,341.32,341.32,342,0,0.00,1.00,1.00,1,0,0.00,0.00,0,0
1515972554,eth0,0.00,0.00,0.00,0,0,0.00,0.00,0.00,0,0,0.00,0.00,0,0
1515972554,eth1,0.00,0.00,0.00,0,0,0.00,0.00,0.00,0,0,0.00,0.00,0,0
1515972554,s2,0.00,341.32,341.32,342,0,0.00,1.00,1.00,1,0,0.00,0.00,0,0
1515972554,s1-eth2,0.00,341.32,341.32,342,0,0.00,1.00,1.00,1,0,0.00,0.00,0,0
1515972554,s1-eth1,341.66,0.00,341.66,0,342,1.00,0.00,1.00,0,1,0.00,0.00,0,0
1515972554,s3,0.00,0.00,0.00,0,0,0.00,0.00,0.00,0,0,0.00,0.00,0,0
1515972554,s2-eth2,0.00,341.66,341.66,342,0,0.00,1.00,1.00,1,0,0.00,0.00,0,0
1515972554,s2-eth1,341.66,0.00,341.66,0,342,1.00,0.00,1.00,0,1,0.00,0.00,0,0
1515972554,lo,823.18,823.18,1646.35,824,824,8.99,8.99,17.98,9,9,0.00,0.00,0,0
1515972554,s3-eth2,0.00,0.00,0.00,0,0,0.00,0.00,0.00,0,0,0.00,0.00,0,0
1515972554,s3-eth1,341.66,0.00,341.66,0,342,1.00,0.00,1.00,0,1,0.00,0.00,0,0
1515972554,total,1848.15,2189.81,4037.96,2192,1850,11.99,12.99,24.98,13,12,0.00,0.00,0,0
1515972555,s1,0.00,0.00,0.00,0,0,0.00,0.00,0.00,0,0,0.00,0.00,0,0
1515972555,eth0,0.00,0.00,0.00,0,0,0.00,0.00,0.00,0,0,0.00,0.00,0,0
1515972555,eth1,0.00,0.00,0.00,0,0,0.00,0.00,0.00,0,0,0.00,0.00,0,0
1515972555,s2,0.00,0.00,0.00,0,0,0.00,0.00,0.00,0,0,0.00,0.00,0,0
1515972555,s1-eth2,0.00,0.00,0.00,0,0,0.00,0.00,0.00,0,0,0.00,0.00,0,0
1515972555,s1-eth1,0.00,0.00,0.00,0,0,0.00,0.00,0.00,0,0,0.00,0.00,0,0
1515972555,s3,0.00,0.00,0.00,0,0,0.00,0.00,0.00,0,0,0.00,0.00,0,0
1515972555,s2-eth2,0.00,0.00,0.00,0,0,0.00,0.00,0.00,0,0,0.00,0.00,0,0
1515972555,s2-eth1,0.00,0.00,0.00,0,0,0.00,0.00,0.00,0,0,0.00,0.00,0,0
1515972555,lo,172.00,172.00,344.00,172,172,3.00,3.00,6.00,3,3,0.00,0.00,0,0
1515972555,s3-eth2,0.00,0.00,0.00,0,0,0.00,0.00,0.00,0,0,0.00,0.00,0,0
1515972555,s3-eth1,0.00,0.00,0.00,0,0,0.00,0.00,0.00,0,0,0.00,0.00,0,0
1515972555,total,172.00,172.00,344.00,172,172,3.00,3.00,6.00,3,3,0.00,0.00,0,0
1515972556,s1,0.00,107.00,107.00,107,0,0.00,1.00,1.00,1,0,0.00,0.00,0,0
1515972556,eth0,0.00,0.00,0.00,0,0,0.00,0.00,0.00,0,0,0.00,0.00,0,0
1515972556,eth1,0.00,0.00,0.00,0,0,0.00,0.00,0.00,0,0,0.00,0.00,0,0
1515972556,s2,0.00,556.00,556.00,556,0,0.00,3.00,3.00,3,0,0.00,0.00,0,0
1515972556,s1-eth2,449.00,107.00,556.00,107,449,2.00,1.00,3.00,1,2,0.00,0.00,0,0
1515972556,s1-eth1,214.00,0.00,214.00,0,214,2.00,0.00,2.00,0,2,0.00,0.00,0,0
1515972556,s3,0.00,449.00,449.00,449,0,0.00,2.00,2.00,2,0,0.00,0.00,0,0
1515972556,s2-eth2,449.00,107.00,556.00,107,449,2.00,1.00,3.00,1,2,0.00,0.00,0,0
1515972556,s2-eth1,107.00,449.00,556.00,449,107,1.00,2.00,3.00,2,1,0.00,0.00,0,0
1515972556,lo,1872.00,1872.00,3744.00,1872,1872,18.00,18.00,36.00,18,18,0.00,0.00,0,0
1515972556,s3-eth2,791.00,0.00,791.00,0,791,3.00,0.00,3.00,0,3,0.00,0.00,0,0
1515972556,s3-eth1,107.00,449.00,556.00,449,107,1.00,2.00,3.00,2,1,0.00,0.00,0,0
1515972556,total,3989.00,4096.00,8085.00,4096,3989,29.00,30.00,59.00,30,29,0.00,0.00,0,0
1515972557,s1,0.00,107.00,107.00,107,0,0.00,1.00,1.00,1,0,0.00,0.00,0,0
1515972557,eth0,0.00,0.00,0.00,0,0,0.00,0.00,0.00,0,0,0.00,0.00,0,0
1515972557,eth1,0.00,92.00,92.00,92,0,0.00,1.00,1.00,1,0,0.00,0.00,0,0
1515972557,s2,0.00,0.00,0.00,0,0,0.00,0.00,0.00,0,0,0.00,0.00,0,0
1515972557,s1-eth2,0.00,107.00,107.00,107,0,0.00,1.00,1.00,1,0,0.00,0.00,0,0
1515972557,s1-eth1,107.00,0.00,107.00,0,107,1.00,0.00,1.00,0,1,0.00,0.00,0,0
1515972557,s3,0.00,107.00,107.00,107,0,0.00,1.00,1.00,1,0,0.00,0.00,0,0
1515972557,s2-eth2,107.00,0.00,107.00,0,107,1.00,0.00,1.00,0,1,0.00,0.00,0,0
1515972557,s2-eth1,107.00,0.00,107.00,0,107,1.00,0.00,1.00,0,1,0.00,0.00,0,0
1515972557,lo,610.00,610.00,1220.00,610,610,6.00,6.00,12.00,6,6,0.00,0.00,0,0
1515972557,s3-eth2,214.00,0.00,214.00,0,214,2.00,0.00,2.00,0,2,0.00,0.00,0,0
1515972557,s3-eth1,0.00,107.00,107.00,107,0,0.00,1.00,1.00,1,0,0.00,0.00,0,0
1515972557,total,1145.00,1130.00,2275.00,1130,1145,11.00,11.00,22.00,11,11,0.00,0.00,0,0
1515972558,s1,0.00,342.00,342.00,342,0,0.00,1.00,1.00,1,0,0.00,0.00,0,0
1515972558,eth0,0.00,0.00,0.00,0,0,0.00,0.00,0.00,0,0,0.00,0.00,0,0
1515972558,eth1,0.00,92.00,92.00,92,0,0.00,1.00,1.00,1,0,0.00,0.00,0,0
1515972558,s2,0.00,0.00,0.00,0,0,0.00,0.00,0.00,0,0,0.00,0.00,0,0
1515972558,s1-eth2,0.00,342.00,342.00,342,0,0.00,1.00,1.00,1,0,0.00,0.00,0,0
1515972558,s1-eth1,342.00,0.00,342.00,0,342,1.00,0.00,1.00,0,1,0.00,0.00,0,0
1515972558,s3,0.00,0.00,0.00,0,0,0.00,0.00,0.00,0,0,0.00,0.00,0,0
1515972558,s2-eth2,0.00,0.00,0.00,0,0,0.00,0.00,0.00,0,0,0.00,0.00,0,0
1515972558,s2-eth1,342.00,0.00,342.00,0,342,1.00,0.00,1.00,0,1,0.00,0.00,0,0
1515972558,lo,326.00,326.00,652.00,326,326,3.00,3.00,6.00,3,3,0.00,0.00,0,0
1515972558,s3-eth2,0.00,0.00,0.00,0,0,0.00,0.00,0.00,0,0,0.00,0.00,0,0
1515972558,s3-eth1,0.00,0.00,0.00,0,0,0.00,0.00,0.00,0,0,0.00,0.00,0,0
1515972558,total,1010.00,1102.00,2112.00,1102,1010,5.00,6.00,11.00,6,5,0.00,0.00,0,0
1515972559,s1,0.00,0.00,0.00,0,0,0.00,0.00,0.00,0,0,0.00,0.00,0,0
1515972559,eth0,0.00,0.00,0.00,0,0,0.00,0.00,0.00,0,0,0.00,0.00,0,0
1515972559,eth1,0.00,92.00,92.00,92,0,0.00,1.00,1.00,1,0,0.00,0.00,0,0
1515972559,s2,0.00,0.00,0.00,0,0,0.00,0.00,0.00,0,0,0.00,0.00,0,0
1515972559,s1-eth2,0.00,0.00,0.00,0,0,0.00,0.00,0.00,0,0,0.00,0.00,0,0
1515972559,s1-eth1,342.00,0.00,342.00,0,342,1.00,0.00,1.00,0,1,0.00,0.00,0,0
1515972559,s3,0.00,0.00,0.00,0,0,0.00,0.00,0.00,0,0,0.00,0.00,0,0
1515972559,s2-eth2,0.00,0.00,0.00,0,0,0.00,0.00,0.00,0,0,0.00,0.00,0,0
1515972559,s2-eth1,0.00,0.00,0.00,0,0,0.00,0.00,0.00,0,0,0.00,0.00,0,0
1515972559,lo,0.00,0.00,0.00,0,0,0.00,0.00,0.00,0,0,0.00,0.00,0,0
1515972559,s3-eth2,0.00,0.00,0.00,0,0,0.00,0.00,0.00,0,0,0.00,0.00,0,0
1515972559,s3-eth1,0.00,0.00,0.00,0,0,0.00,0.00,0.00,0,0,0.00,0.00,0,0
1515972559,total,342.00,92.00,434.00,92,342,1.00,1.00,2.00,1,1,0.00,0.00,0,0
1515972560,s1,0.00,0.00,0.00,0,0,0.00,0.00,0.00,0,0,0.00,0.00,0,0
1515972560,eth0,0.00,0.00,0.00,0,0,0.00,0.00,0.00,0,0,0.00,0.00,0,0
1515972560,eth1,0.00,0.00,0.00,0,0,0.00,0.00,0.00,0,0,0.00,0.00,0,0
1515972560,s2,0.00,0.00,0.00,0,0,0.00,0.00,0.00,0,0,0.00,0.00,0,0
1515972560,s1-eth2,0.00,0.00,0.00,0,0,0.00,0.00,0.00,0,0,0.00,0.00,0,0
1515972560,s1-eth1,0.00,0.00,0.00,0,0,0.00,0.00,0.00,0,0,0.00,0.00,0,0
1515972560,s3,0.00,0.00,0.00,0,0,0.00,0.00,0.00,0,0,0.00,0.00,0,0
1515972560,s2-eth2,0.00,0.00,0.00,0,0,0.00,0.00,0.00,0,0,0.00,0.00,0,0
1515972560,s2-eth1,0.00,0.00,0.00,0,0,0.00,0.00,0.00,0,0,0.00,0.00,0,0
1515972560,lo,0.00,0.00,0.00,0,0,0.00,0.00,0.00,0,0,0.00,0.00,0,0
1515972560,s3-eth2,0.00,0.00,0.00,0,0,0.00,0.00,0.00,0,0,0.00,0.00,0,0
1515972560,s3-eth1,0.00,0.00,0.00,0,0,0.00,0.00,0.00,0,0,0.00,0.00,0,0
1515972560,total,0.00,0.00,0.00,0,0,0.00,0.00,0.00,0,0,0.00,0.00,0,0
1515972561,s1,0.00,0.00,0.00,0,0,0.00,0.00,0.00,0,0,0.00,0.00,0,0
1515972561,eth0,0.00,0.00,0.00,0,0,0.00,0.00,0.00,0,0,0.00,0.00,0,0
1515972561,eth1,0.00,0.00,0.00,0,0,0.00,0.00,0.00,0,0,0.00,0.00,0,0
1515972561,s2,0.00,0.00,0.00,0,0,0.00,0.00,0.00,0,0,0.00,0.00,0,0
1515972561,s1-eth2,0.00,0.00,0.00,0,0,0.00,0.00,0.00,0,0,0.00,0.00,0,0
1515972561,s1-eth1,0.00,0.00,0.00,0,0,0.00,0.00,0.00,0,0,0.00,0.00,0,0
1515972561,s3,0.00,0.00,0.00,0,0,0.00,0.00,0.00,0,0,0.00,0.00,0,0
1515972561,s2-eth2,0.00,0.00,0.00,0,0,0.00,0.00,0.00,0,0,0.00,0.00,0,0
1515972561,s2-eth1,0.00,0.00,0.00,0,0,0.00,0.00,0.00,0,0,0.00,0.00,0,0
1515972561,lo,172.00,172.00,344.0