1515972173,s1,0.00,0.00,0.00,0,0,0.00,0.00,0.00,0,0,0.00,0.00,0,0
1515972173,eth0,0.00,0.00,0.00,0,0,0.00,0.00,0.00,0,0,0.00,0.00,0,0
1515972173,eth1,0.00,0.00,0.00,0,0,0.00,0.00,0.00,0,0,0.00,0.00,0,0
1515972173,s2,0.00,0.00,0.00,0,0,0.00,0.00,0.00,0,0,0.00,0.00,0,0
1515972173,s1-eth2,0.00,0.00,0.00,0,0,0.00,0.00,0.00,0,0,0.00,0.00,0,0
1515972173,s1-eth1,0.00,0.00,0.00,0,0,0.00,0.00,0.00,0,0,0.00,0.00,0,0
1515972173,s3,0.00,0.00,0.00,0,0,0.00,0.00,0.00,0,0,0.00,0.00,0,0
1515972173,s2-eth2,0.00,0.00,0.00,0,0,0.00,0.00,0.00,0,0,0.00,0.00,0,0
1515972173,s2-eth1,0.00,0.00,0.00,0,0,0.00,0.00,0.00,0,0,0.00,0.00,0,0
1515972173,lo,0.00,0.00,0.00,0,0,0.00,0.00,0.00,0,0,0.00,0.00,0,0
1515972173,s3-eth2,0.00,0.00,0.00,0,0,0.00,0.00,0.00,0,0,0.00,0.00,0,0
1515972173,s3-eth1,0.00,0.00,0.00,0,0,0.00,0.00,0.00,0,0,0.00,0.00,0,0
1515972173,total,0.00,0.00,0.00,0,0,0.00,0.00,0.00,0,0,0.00,0.00,0,0
1515972174,s1,160.00,3317.00,3477.00,3317,160,2.00,21.00,23.00,21,2,0.00,0.00,0,0
1515972174,eth0,1064.00,1715.00,2779.00,1715,1064,14.00,14.00,28.00,14,14,0.00,0.00,0,0
1515972174,eth1,0.00,0.00,0.00,0,0,0.00,0.00,0.00,0,0,0.00,0.00,0,0
1515972174,s2,250.00,4712.00,4962.00,4712,250,3.00,28.00,31.00,28,3,0.00,0.00,0,0
1515972174,s1-eth2,33880.00,1250763.00,1284643.00,1250763,33880,440.00,844.00,1284.00,844,440,0.00,0.00,0,0
1515972174,s1-eth1,1250372.00,31614.00,1281986.00,31614,1250372,849.00,427.00,1276.00,427,849,0.00,0.00,0,0
1515972174,s3,160.00,4475.00,4635.00,4475,160,2.00,28.00,30.00,28,2,0.00,0.00,0,0
1515972174,s2-eth2,35909.00,1251406.00,1287315.00,1251406,35909,453.00,839.00,1292.00,839,453,0.00,0.00,0,0
1515972174,s2-eth1,1250763.00,33880.00,1284643.00,33880,1250763,844.00,440.00,1284.00,440,844,0.00,0.00,0,0
1515972174,lo,25825.00,25825.00,51650.00,25825,25825,248.00,248.00,496.00,248,248,0.00,0.00,0,0
1515972174,s3-eth2,37413.00,1250654.00,1288067.00,1250654,37413,463.00,827.00,1290.00,827,463,0.00,0.00,0,0
1515972174,s3-eth1,1251406.00,35909.00,1287315.00,35909,1251406,839.00,453.00,1292.00,453,839,0.00,0.00,0,0
1515972174,total,3887202.00,3894270.00,7781472.00,3894270,3887202,4157.00,4169.00,8326.00,4169,4157,0.00,0.00,0,0
1515972175,s1,90.00,1722.00,1812.00,1722,90,1.00,7.00,8.00,7,1,0.00,0.00,0,0
1515972175,eth0,152.00,245.00,397.00,245,152,2.00,2.00,4.00,2,2,0.00,0.00,0,0
1515972175,eth1,0.00,0.00,0.00,0,0,0.00,0.00,0.00,0,0,0.00,0.00,0,0
1515972175,s2,0.00,2106.00,2106.00,2106,0,0.00,10.00,10.00,10,0,0.00,0.00,0,0
1515972175,s1-eth2,32799.00,1249258.00,1282057.00,1249258,32799,434.00,831.00,1265.00,831,434,0.00,0.00,0,0
1515972175,s1-eth1,1249675.00,31672.00,1281347.00,31672,1249675,833.00,428.00,1261.00,428,833,0.00,0.00,0,0
1515972175,s3,90.00,2016.00,2106.00,2016,90,1.00,9.00,10.00,9,1,0.00,0.00,0,0
1515972175,s2-eth2,33762.00,1250103.00,1283865.00,1250103,33762,438.00,830.00,1268.00,830,438,0.00,0.00,0,0
1515972175,s2-eth1,1249258.00,32799.00,1282057.00,32799,1249258,831.00,434.00,1265.00,434,831,0.00,0.00,0,0
1515972175,lo,8824.00,8824.00,17648.00,8824,8824,82.00,82.00,164.00,82,82,0.00,0.00,0,0
1515972175,s3-eth2,35176.00,1250564.00,1285740.00,1250564,35176,444.00,826.00,1270.00,826,444,0.00,0.00,0,0
1515972175,s3-eth1,1250103.00,33762.00,1283865.00,33762,1250103,830.00,438.00,1268.00,438,830,0.00,0.00,0,0
1515972175,total,3859929.00,3863071.00,7723000.00,3863071,3859929,3896.00,3897.00,7793.00,3897,3896,0.00,0.00,0,0
1515972176,s1,0.00,374.00,374.00,374,0,0.00,2.00,2.00,2,0,0.00,0.00,0,0
1515972176,eth0,0.00,0.00,0.00,0,0,0.00,0.00,0.00,0,0,0.00,0.00,0,0
1515972176,eth1,0.00,0.00,0.00,0,0,0.00,0.00,0.00,0,0,0.00,0.00,0,0
1515972176,s2,0.00,0.00,0.00,0,0,0.00,0.00,0.00,0,0,0.00,0.00,0,0
1515972176,s1-eth2,31746.00,1250938.00,1282684.00,1250938,31746,429.00,828.00,1257.00,828,429,0.00,0.00,0,0
1515972176,s1-eth1,1251312.00,31746.00,1283058.00,31746,1251312,830.00,429.00,1259.00,429,830,0.00,0.00,0,0
1515972176,s3,0.00,327.00,327.00,327,0,0.00,1.00,1.00,1,0,0.00,0.00,0,0
1515972176,s2-eth2,31999.00,1250564.00,1282563.00,1250564,31999,429.00,826.00,1255.00,826,429,0.00,0.00,0,0
1515972176,s2-eth1,1250938.00,31746.00,1282684.00,31746,1250938,828.00,429.00,1257.00,429,828,0.00,0.00,0,0
1515972176,lo,957.00,957.00,1914.00,957,957,9.00,9.00,18.00,9,9,0.00,0.00,0,0
1515972176,s3-eth2,32400.00,1250564.00,1282964.00,1250564,32400,431.00,826.00,1257.00,826,431,0.00,0.00,0,0
1515972176,s3-eth1,1250564.00,31999.00,1282563.00,31999,1250564,826.00,429.00,1255.00,429,826,0.00,0.00,0,0
1515972176,total,3849916.00,3849215.00,7699131.00,3849215,3849916,3782.00,3779.00,7561.00,3779,3782,0.00,0.00,0,0
1515972177,s1,0.00,1168.00,1168.00,1168,0,0.00,6.00,6.00,6,0,0.00,0.00,0,0
1515972177,eth0,0.00,0.00,0.00,0,0,0.00,0.00,0.00,0,0,0.00,0.00,0,0
1515972177,eth1,0.00,0.00,0.00,0,0,0.00,0.00,0.00,0,0,0.00,0.00,0,0
1515972177,s2,0.00,1472.00,1472.00,1472,0,0.00,7.00,7.00,7,0,0.00,0.00,0,0
1515972177,s1-eth2,32295.00,1250148.00,1282443.00,1250148,32295,430.00,830.00,1260.00,830,430,0.00,0.00,0,0
1515972177,s1-eth1,1250545.00,31668.00,1282213.00,31668,1250545,832.00,428.00,1260.00,428,832,0.00,0.00,0,0
1515972177,s3,0.00,1145.00,1145.00,1145,0,0.00,6.00,6.00,6,0,0.00,0.00,0,0
1515972177,s2-eth2,32743.00,1249751.00,1282494.00,1249751,32743,433.00,828.00,1261.00,828,433,0.00,0.00,0,0
1515972177,s2-eth1,1250148.00,32295.00,1282443.00,32295,1250148,830.00,430.00,1260.00,430,830,0.00,0.00,0,0
1515972177,lo,5805.00,5805.00,11610.00,5805,5805,56.00,56.00,112.00,56,56,0.00,0.00,0,0
1515972177,s3-eth2,33043.00,1250564.00,1283607.00,1250564,33043,434.00,826.00,1260.00,826,434,0.00,0.00,0,0
1515972177,s3-eth1,1249751.00,32743.00,1282494.00,32743,1249751,828.00,433.00,1261.00,433,828,0.00,0.00,0,0
1515972177,total,3854330.00,3856759.00,7711089.00,3856759,3854330,3843.00,3850.00,7693.00,3850,3843,0.00,0.00,0,0
1515972178,s1,70.00,280.00,350.00,280,70,1.00,4.00,5.00,4,1,0.00,0.00,0,0
1515972178,eth0,0.00,0.00,0.00,0,0,0.00,0.00,0.00,0,0,0.00,0.00,0,0
1515972178,eth1,0.00,0.00,0.00,0,0,0.00,0.00,0.00,0,0,0.00,0.00,0,0
1515972178,s2,70.00,350.00,420.00,350,70,1.00,5.00,6.00,5,1,0.00,0.00,0,0
1515972178,s1-eth2,31146.00,1250844.00,1281990.00,1250844,31146,421.00,830.00,1251.00,830,421,0.00,0.00,0,0
1515972178,s1-eth1,1249400.00,30932.00,1280332.00,30932,1249400,830.00,418.00,1248.00,418,830,0.00,0.00,0,0
1515972178,s3,70.00,677.00,747.00,677,70,1.00,6.00,7.00,6,1,0.00,0.00,0,0
1515972178,s2-eth2,31613.00,1250774.00,1282387.00,1250774,31613,424.00,829.00,1253.00,829,424,0.00,0.00,0,0
1515972178,s2-eth1,1250844.00,31146.00,1281990.00,31146,1250844,830.00,421.00,1251.00,421,830,0.00,0.00,0,0
1515972178,lo,4934.00,4934.00,9868.00,4934,4934,55.00,55.00,110.00,55,55,0.00,0.00,0,0
1515972178,s3-eth2,32080.00,1249120.00,1281200.00,1249120,32080,427.00,826.00,1253.00,826,427,0.00,0.00,0,0
1515972178,s3-eth1,1250774.00,31613.00,1282387.00,31613,1250774,829.00,424.00,1253.00,424,829,0.00,0.00,0,0
1515972178,total,3851001.00,3850670.00,7701671.00,3850670,3851001,3819.00,3818.00,7637.00,3818,3819,0.00,0.00,0,0
1515972179,s1,0.00,342.00,342.00,342,0,0.00,1.00,1.00,1,0,0.00,0.00,0,0
1515972179,eth0,0.00,0.00,0.00,0,0,0.00,0.00,0.00,0,0,0.00,0.00,0,0
1515972179,eth1,0.00,0.00,0.00,0,0,0.00,0.00,0.00,0,0,0.00,0.00,0,0
1515972179,s2,0.00,0.00,0.00,0,0,0.00,0.00,0.00,0,0,0.00,0.00,0,0
1515972179,s1-eth2,30562.00,1250906.00,1281468.00,1250906,30562,413.00,827.00,1240.00,827,413,0.00,0.00,0,0
1515972179,s1-eth1,1251248.00,30562.00,1281810.00,30562,1251248,828.00,413.00,1241.00,413,828,0.00,0.00,0,0
1515972179,s3,0.00,0.00,0.00,0,0,0.00,0.00,0.00,0,0,0.00,0.00,0,0
1515972179,s2-eth2,30488.00,1249050.00,1279538.00,1249050,30488,412.00,825.00,1237.00,825,412,0.00,0.00,0,0
1515972179,s2-eth1,1250906.00,30562.00,1281468.00,30562,1250906,827.00,413.00,1240.00,413,827,0.00,0.00,0,0
1515972179,lo,326.00,326.00,652.00,326,326,3.00,3.00,6.00,3,3,0.00,0.00,0,0
1515972179,s3-eth2,30562.00,1250564.00,1281126.00,1250564,30562,413.00,826.00,1239.00,826,413,0.00,0.00,0,0
1515972179,s3-eth1,1249050.00,30488.00,1279538.00,30488,1249050,825.00,412.00,1237.00,412,825,0.00,0.00,0,0
1515972179,total,3843142.00,3842800.00,7685942.00,3842800,3843142,3721.00,3720.00,7441.00,3720,3721,0.00,0.00,0,0
1515972180,s1,0.00,107.00,107.00,107,0,0.00,1.00,1.00,1,0,0.00,0.00,0,0
1515972180,eth0,0.00,0.00,0.00,0,0,0.00,0.00,0.00,0,0,0.00,0.00,0,0
1515972180,eth1,0.00,980.00,980.00,980,0,0.00,5.00,5.00,5,0,0.00,0.00,0,0
1515972180,s2,0.00,0.00,0.00,0,0,0.00,0.00,0.00,0,0,0.00,0.00,0,0
1515972180,s1-eth2,30562.00,1249157.00,1279719.00,1249157,30562,413.00,826.00,1239.00,826,413,0.00,0.00,0,0
1515972180,s1-eth1,1249264.00,30562.00,1279826.00,30562,1249264,827.00,413.00,1240.00,413,827,0.00,0.00,0,0
1515972180,s3,0.00,0.00,0.00,0,0,0.00,0.00,0.00,0,0,0.00,0.00,0,0
1515972180,s2-eth2,30562.00,1252078.00,1282640.00,1252078,30562,413.00,827.00,1240.00,827,413,0.00,0.00,0,0
1515972180,s2-eth1,1249157.00,30562.00,1279719.00,30562,1249157,826.00,413.00,1239.00,413,826,0.00,0.00,0,0
1515972180,lo,305.00,305.00,610.00,305,305,3.00,3.00,6.00,3,3,0.00,0.00,0,0
1515972180,s3-eth2,30904.00,1250564.00,1281468.00,1250564,30904,414.00,826.00,1240.00,826,414,0.00,0.00,0,0
1515972180,s3-eth1,1252078.00,30562.00,1282640.00,30562,1252078,827.00,413.00,1240.00,413,827,0.00,0.00,0,0
1515972180,total,3842832.00,3844877.00,7687709.00,3844877,3842832,3723.00,3727.00,7450.00,3727,3723,0.00,0.00,0,0
1515972181,s1,0.00,589.00,589.00,589,0,0.00,4.00,4.00,4,0,0.00,0.00,0,0
1515972181,eth0,0.00,0.00,0.00,0,0,0.00,0.00,0.00,0,0,0.00,0.00,0,0
1515972181,eth1,0.00,0.00,0.00,0,0,0.00,0.00,0.00,0,0,0.00,0.00,0,0
1515972181,s2,0.00,968.00,968.00,968,0,0.00,5.00,5.00,5,0,0.00,0.00,0,0
1515972181,s1-eth2,31007.00,1251083.00,1282090.00,1251083,31007,415.00,829.00,1244.00,829,415,0.00,0.00,0,0
1515972181,s1-eth1,1251153.00,30632.00,1281785.00,30632,1251153,830.00,414.00,1244.00,414,830,0.00,0.00,0,0
1515972181,s3,0.00,626.00,626.00,626,0,0.00,4.00,4.00,4,0,0.00,0.00,0,0
1515972181,s2-eth2,31188.00,1249499.00,1280687.00,1249499,31188,417.00,827.00,1244.00,827,417,0.00,0.00,0,0
1515972181,s2-eth1,1251083.00,31007.00,1282090.00,31007,1251083,829.00,415.00,1244.00,415,829,0.00,0.00,0,0
1515972181,lo,3849.00,3849.00,7698.00,3849,3849,38.00,38.00,76.00,38,38,0.00,0.00,0,0
1515972181,s3-eth2,31221.00,1250564.00,1281785.00,1250564,31221,417.00,826.00,1243.00,826,417,0.00,0.00,0,0
1515972181,s3-eth1,1249499.00,31188.00,1280687.00,31188,1249499,827.00,417.00,1244.00,417,827,0.00,0.00,0,0
1515972181,total,3849000.00,3850005.00,7699005.00,3850005,3849000,3773.00,3779.00,7552.00,3779,3773,0.00,0.00,0,0
1515972182,s1,70.00,280.00,350.00,280,70,1.00,4.00,5.00,4,1,0.00,0.00,0,0
1515972182,eth0,0.00,0.00,0.00,0,0,0.00,0.00,0.00,0,0,0.00,0.00,0,0
1515972182,eth1,0.00,0.00,0.00,0,0,0.00,0.00,0.00,0,0,0.00,0.00,0,0
1515972182,s2,70.00,350.00,420.00,350,70,1.00,5.00,6.00,5,1,0.00,0.00,0,0
1515972182,s1-eth2,30924.00,1250844.00,1281768.00,1250844,30924,418.00,830.00,1248.00,830,418,0.00,0.00,0,0
1515972182,s1-eth1,1249400.00,30710.00,1280110.00,30710,1249400,830.00,415.00,1245.00,415,830,0.00,0.00,0,0
1515972182,s3,70.00,692.00,762.00,692,70,1.00,6.00,7.00,6,1,0.00,0.00,0,0
1515972182,s2-eth2,31332.00,1250774.00,1282106.00,1250774,31332,420.00,829.00,1249.00,829,420,0.00,0.00,0,0
1515972182,s2-eth1,1250844.00,30924.00,1281768.00,30924,1250844,830.00,418.00,1248.00,418,830,0.00,0.00,0,0
1515972182,lo,4882.00,4882.00,9764.00,4882,4882,54.00,54.00,108.00,54,54,0.00,0.00,0,0
1515972182,s3-eth2,31546.00,1250634.00,1282180.00,1250634,31546,423.00,827.00,1250.00,827,423,0.00,0.00,0,0
1515972182,s3-eth1,1250774.00,31332.00,1282106.00,31332,1250774,829.00,420.00,1249.00,420,829,0.00,0.00,0,0
1515972182,total,3849912.00,3851422.00,7701334.00,3851422,3849912,3807.00,3808.00,7615.00,3808,3807,0.00,0.00,0,0
1515972183,s1,0.00,0.00,0.00,0,0,0.00,0.00,0.00,0,0,0.00,0.00,0,0
1515972183,eth0,0.00,0.00,0.00,0,0,0.00,0.00,0.00,0,0,0.00,0.00,0,0
1515972183,eth1,0.00,0.00,0.00,0,0,0.00,0.00,0.00,0,0,0.00,0.00,0,0
1515972183,s2,0.00,0.00,0.00,0,0,0.00,0.00,0.00,0,0,0.00,0.00,0,0
1515972183,s1-eth2,30562.00,1249050.00,1279612.00,1249050,30562,413.00,825.00,1238.00,825,413,0.00,0.00,0,0
1515972183,s1-eth1,1250564.00,30562.00,1281126.00,30562,1250564,826.00,413.00,1239.00,413,826,0.00,0.00,0,0
1515972183,s3,0.00,0.00,0.00,0,0,0.00,0.00,0.00,0,0,0.00,0.00,0,0
1515972183,s2-eth2,30562.00,1250564.00,1281126.00,1250564,30562,413.00,826.00,1239.00,826,413,0.00,0.00,0,0
1515972183,s2-eth1,1249050.00,30562.00,1279612.00,30562,1249050,825.00,413.00,1238.00,413,825,0.00,0.00,0,0
1515972183,lo,0.00,0.00,0.00,0,0,0.00,0.00,0.00,0,0,0.00,0.00,0,0
1515972183,s3-eth2,30562.00,1250564.00,1281126.00,1250564,30562,413.00,826.00,1239.00,826,413,0.00,0.00,0,0
1515972183,s3-eth1,1250564.00,30562.00,1281126.00,30562,1250564,826.00,413.00,1239.00,413,826,0.00,0.00,0,0
1515972183,total,3841864.00,3841864.00,7683728.00,3841864,3841864,3716.00,3716.00,7432.00,3716,3716,0.00,0.00,0,0
1515972184,s1,0.00,342.00,342.00,342,0,0.00,1.00,1.00,1,0,0.00,0.00,0,0
1515972184,eth0,0.00,0.00,0.00,0,0,0.00,0.00,0.00,0,0,0.00,0.00,0,0
1515972184,eth1,0.00,0.00,0.00,0,0,0.00,0.00,0.00,0,0,0.00,0.00,0,0
1515972184,s2,0.00,0.00,0.00,0,0,0.00,0.00,0.00,0,0,0.00,0.00,0,0
1515972184,s1-eth2,30488.00,1250906.00,1281394.00,1250906,30488,412.00,827.00,1239.00,827,412,0.00,0.00,0,0
1515972184,s1-eth1,1250906.00,30562.00,1281468.00,30562,1250906,827.00,413.00,1240.00,413,827,0.00,0.00,0,0
1515972184,s3,0.00,0.00,0.00,0,0,0.00,0.00,0.00,0,0,0.00,0.00,0,0
1515972184,s2-eth2,30562.00,1249050.00,1279612.00,1249050,30562,413.00,825.00,1238.00,825,413,0.00,0.00,0,0
1515972184,s2-eth1,1250906.00,30488.00,1281394.00,30488,1250906,827.00,412.00,1239.00,412,827,0.00,0.00,0,0
1515972184,lo,326.00,326.00,652.00,326,326,3.00,3.00,6.00,3,3,0.00,0.00,0,0
1515972184,s3-eth2,30562.00,1250564.00,1281126.00,1250564,30562,413.00,826.00,1239.00,826,413,0.00,0.00,0,0
1515972184,s3-eth1,1249050.00,30562.00,1279612.00,30562,1249050,825.00,413.00,1238.00,413,825,0.00,0.00,0,0
1515972184,total,3842800.00,3842800.00,7685600.00,3842800,3842800,3720.00,3720.00,7440.00,3720,3720,0.00,0.00,0,0
1515972185,s1,0.00,0.00,0.00,0,0,0.00,0.00,0.00,0,0,0.00,0.00,0,0
1515972185,eth0,0.00,0.00,0.00,0,0,0.00,0.00,0.00,0,0,0.00,0.00,0,0
1515972185,eth1,0.00,0.00,0.00,0,0,0.00,0.00,0.00,0,0,0.00,0.00,0,0
1515972185,s2,0.00,0.00,0.00,0,0,0.00,0.00,0.00,0,0,0.00,0.00,0,0
1515972185,s1-eth2,30636.00,1250564.00,1281200.00,1250564,30636,414.00,826.00,1240.00,826,414,0.00,0.00,0,0
1515972185,s1-eth1,1250906.00,30562.00,1281468.00,30562,1250906,827.00,413.00,1240.00,413,827,0.00,0.00,0,0
1515972185,s3,0.00,0.00,0.00,0,0,0.00,0.00,0.00,0,0,0.00,0.00,0,0
1515972185,s2-eth2,30562.00,1250564.00,1281126.00,1250564,30562,413.00,826.00,1239.00,826,413,0.00,0.00,0,0
1515972185,s2-eth1,1250564.00,30636.00,1281200.00,30636,1250564,826.00,414.00,1240.00,414,826,0.00,0.00,0,0
1515972185,lo,0.00,0.00,0.00,0,0,0.00,0.00,0.00,0,0,0.00,0.00,0,0
1515972185,s3-eth2,30562.00,1250564.00,1281126.00,1250564,30562,413.00,826.00,1239.00,826,413,0.00,0.00,0,0
1515972185,s3-eth1,1250564.00,30562.00,1281126.00,30562,1250564,826.00,413.00,1239.00,413,826,0.00,0.00,0,0
1515972185,total,3843794.00,3843452.00,7687246.00,3843452,3843794,3719.00,3718.00,7437.00,3718,3719,0.00,0.00,0,0
1515972186,s1,0.00,0.00,0.00,0,0,0.00,0.00,0.00,0,0,0.00,0.00,0,0
1515972186,eth0,0.00,0.00,0.00,0,0,0.00,0.00,0.00,0,0,0.00,0.00,0,0
1515972186,eth1,0.00,0.00,0.00,0,0,0.00,0.00,0.00,0,0,0.00,0.00,0,0
1515972186,s2,0.00,0.00,0.00,0,0,0.00,0.00,0.00,0,0,0.00,0.00,0,0
1515972186,s1-eth2,30562.00,1250564.00,1281126.00,1250564,30562,413.00,826.00,1239.00,826,413,0.00,0.00,0,0
1515972186,s1-eth1,1250564.00,30562.00,1281126.00,30562,1250564,826.00,413.00,1239.00,413,826,0.00,0.00,0,0
1515972186,s3,0.00,0.00,0.00,0,0,0.00,0.00,0.00,0,0,0.00,0.00,0,0
1515972186,s2-eth2,30562.00,1250564.00,1281126.00,1250564,30562,413.00,826.00,1239.00,826,413,0.00,0.00,0,0
1515972186,s2-eth1,1250564.00,30562.00,1281126.00,30562,1250564,826.00,413.00,1239.00,413,826,0.00,0.00,0,0
1515972186,lo,0.00,0.00,0.00,0,0,0.00,0.00,0.00,0,0,0.00,0.00,0,0
1515972186,s3-eth2,30562.00,1250564.00,1281126.00,1250564,30562,413.00,826.00,1239.00,826,413,0.00,0.00,0,0
1515972186,s3-eth1,1250564.00,30562.00,1281126.00,30562,1250564,826.00,413.00,1239.00,413,826,0.00,0.00,0,0
1515972186,total,3843378.00,3843378.00,7686756.00,3843378,3843378,3717.00,3717.00,7434.00,3717,3717,0.00,0.00,0,0
1515972187,s1,0.00,0.00,0.00,0,0,0.00,0.00,0.00,0,0,0.00,0.00,0,0
1515972187,eth0,0.00,0.00,0.00,0,0,0.00,0.00,0.00,0,0,0.00,0.00,0,0
1515972187,eth1,0.00,0.00,0.00,0,0,0.00,0.00,0.00,0,0,0.00,0.00,0,0
1515972187,s2,0.00,0.00,0.00,0,0,0.00,0.00,0.00,0,0,0.00,0.00,0,0
1515972187,s1-eth2,30531.47,1250827.25,1281358.62,1252078,30562,412.59,826.17,1238.76,827,413,0.00,0.00,0,0
1515972187,s1-eth1,1250827.25,30605.39,1281432.62,30636,1252078,826.17,413.59,1239.76,414,827,0.00,0.00,0,0
1515972187,s3,0.00,0.00,0.00,0,0,0.00,0.00,0.00,0,0,0.00,0.00,0,0
1515972187,s2-eth2,30605.39,1250827.25,1281432.62,1252078,30636,413.59,826.17,1239.76,827,414,0.00,0.00,0,0
1515972187,s2-eth1,1250827.25,30531.47,1281358.62,30562,1252078,826.17,412.59,1238.76,413,827,0.00,0.00,0,0
1515972187,lo,343.66,343.66,687.31,344,344,5.99,5.99,11.99,6,6,0.00,0.00,0,0
1515972187,s3-eth2,30531.47,1249314.75,1279846.25,1250564,30562,412.59,825.17,1237.76,826,413,0.00,0.00,0,0
1515972187,s3-eth1,1250827.25,30605.39,1281432.62,30636,1252078,826.17,413.59,1239.76,414,827,0.00,0.00,0,0
1515972187,total,3844493.50,3843055.00,7687548.50,3846898,3848338,3723.28,3723.28,7446.55,3727,3727,0.00,0.00,0,0
1515972188,s1,0.00,107.00,107.00,107,0,0.00,1.00,1.00,1,0,0.00,0.00,0,0
1515972188,eth0,0.00,0.00,0.00,0,0,0.00,0.00,0.00,0,0,0.00,0.00,0,0
1515972188,eth1,0.00,0.00,0.00,0,0,0.00,0.00,0.00,0,0,0.00,0.00,0,0
1515972188,s2,0.00,0.00,0.00,0,0,0.00,0.00,0.00,0,0,0.00,0.00,0,0
1515972188,s1-eth2,30562.00,1250671.00,1281233.00,1250671,30562,413.00,827.00,1240.00,827,413,0.00,0.00,0,0
1515972188,s1-eth1,1249264.00,30488.00,1279752.00,30488,1249264,827.00,412.00,1239.00,412,827,0.00,0.00,0,0
1515972188,s3,0.00,0.00,0.00,0,0,0.00,0.00,0.00,0,0,0.00,0.00,0,0
1515972188,s2-eth2,30562.00,1250564.00,1281126.00,1250564,30562,413.00,826.00,1239.00,826,413,0.00,0.00,0,0
1515972188,s2-eth1,1250671.00,30562.00,1281233.00,30562,1250671,827.00,413.00,1240.00,413,827,0.00,0.00,0,0
1515972188,lo,477.00,477.00,954.00,477,477,6.00,6.00,12.00,6,6,0.00,0.00,0,0
1515972188,s3-eth2,30562.00,1250564.00,1281126.00,1250564,30562,413.00,826.00,1239.00,826,413,0.00,0.00,0,0
1515972188,s3-eth1,1250564.00,30562.00,1281126.00,30562,1250564,826.00,413.00,1239.00,413,826,0.00,0.00,0,0
1515972188,total,3842662.00,3843995.00,7686657.00,3843995,3842662,3725.00,3724.00,7449.00,3724,3725,0.00,0.00,0,0
1515972189,s1,0.00,107.00,107.00,107,0,0.00,1.00,1.00,1,0,0.00,0.00,0,0
1515972189,eth0,0.00,0.00,0.00,0,0,0.00,0.00,0.00,0,0,0.00,0.00,0,0
1515972189,eth1,0.00,0.00,0.00,0,0,0.00,0.00,0.00,0,0,0.00,0.00,0,0
1515972189,s2,0.00,214.00,214.00,214,0,0.00,2.00,2.00,2,0,0.00,0.00,0,0
1515972189,s1-eth2,30669.00,1250671.00,1281340.00,1250671,30669,414.00,827.00,1241.00,827,414,0.00,0.00,0,0
1515972189,s1-eth1,1250671.00,30562.00,1281233.00,30562,1250671,827.00,413.00,1240.00,413,827,0.00,0.00,0,0
1515972189,s3,0.00,214.00,214.00,214,0,0.00,2.00,2.00,2,0,0.00,0.00,0,0
1515972189,s2-eth2,30776.00,1250671.00,1281447.00,1250671,30776,415.00,827.00,1242.00,827,415,0.00,0.00,0,0
1515972189,s2-eth1,1250671.00,30669.00,1281340.00,30669,1250671,827.00,414.00,1241.00,414,827,0.00,0.00,0,0
1515972189,lo,1525.00,1525.00,3050.00,1525,1525,15.00,15.00,30.00,15,15,0.00,0.00,0,0
1515972189,s3-eth2,30883.00,1250564.00,1281447.00,1250564,30883,416.00,826.00,1242.00,826,416,0.00,0.00,0,0
1515972189,s3-eth1,1250671.00,30776.00,1281447.00,30776,1250671,827.00,415.00,1242.00,415,827,0.00,0.00,0,0
1515972189,total,3845866.00,3845973.00,7691839.00,3845973,3845866,3741.00,3742.00,7483.00,3742,3741,0.00,0.00,0,0
1515972190,s1,0.00,0.00,0.00,0,0,0.00,0.00,0.00,0,0,0.00,0.00,0,0
1515972190,eth0,0.00,0.00,0.00,0,0,0.00,0.00,0.00,0,0,0.00,0.00,0,0
1515972190,eth1,0.00,0.00,0.00,0,0,0.00,0.00,0.00,0,0,0.00,0.00,0,0
1515972190,s2,0.00,0.00,0.00,0,0,0.00,0.00,0.00,0,0,0.00,0.00,0,0
1515972190,s1-eth2,30562.00,1249050.00,1279612.00,1249050,30562,413.00,825.00,1238.00,825,413,0.00,0.00,0,0
1515972190,s1-eth1,1250564.00,30562.00,1281126.00,30562,1250564,826.00,413.00,1239.00,413,826,0.00,0.00,0,0
1515972190,s3,0.00,342.00,342.00,342,0,0.00,1.00,1.00,1,0,0.00,0.00,0,0
1515972190,s2-eth2,30830.00,1250564.00,1281394.00,1250564,30830,413.00,826.00,1239.00,826,413,0.00,0.00,0,0
1515972190,s2-eth1,1249050.00,30562.00,1279612.00,30562,1249050,825.00,413.00,1238.00,413,825,0.00,0.00,0,0
1515972190,lo,326.00,326.00,652.00,326,326,3.00,3.00,6.00,3,3,0.00,0.00,0,0
1515972190,s3-eth2,30904.00,1250564.00,1281468.00,1250564,30904,414.00,826.00,1240.00,826,414,0.00,0.00,0,0
1515972190,s3-eth1,1250564.00,30830.00,1281394.00,30830,1250564,826.00,413.00,1239.00,413,826,0.00,0.00,0,0
1515972190,total,3842800.00,3842800.00,7685600.00,3842800,3842800,3720.00,3720.00,7440.00,3720,3720,0.00,0.00,0,0
1515972191,s1,0.00,342.00,342.00,342,0,0.00,1.00,1.00,1,0,0.00,0.00,0,0
1515972191,eth0,0.00,0.00,0.00,0,0,0.00,0.00,0.00,0,0,0.00,0.00,0,0
1515972191,eth1,0.00,0.00,0.00,0,0,0.00,0.00,0.00,0,0,0.00,0.00,0,0
1515972191,s2,0.00,684.00,684.00,684,0,0.00,2.00,2.00,2,0,0.00,0.00,0,0
1515972191,s1-eth2,30904.00,1250906.00,1281810.00,1250906,30904,414.00,827.00,1241.00,827,414,0.00,0.00,0,0
1515972191,s1-eth1,1249734.00,30562.00,1280296.00,30562,1249734,827.00,413.00,1240.00,413,827,0.00,0.00,0,0
1515972191,s3,0.00,342.00,342.00,342,0,0.00,1.00,1.00,1,0,0.00,0.00,0,0
1515972191,s2-eth2,30904.00,1249392.00,1280296.00,1249392,30904,414.00,826.00,1240.00,826,414,0.00,0.00,0,0
1515972191,s2-eth1,1250906.00,30904.00,1281810.00,30904,1250906,827.00,414.00,1241.00,414,827,0.00,0.00,0,0
1515972191,lo,1304.00,1304.00,2608.00,1304,1304,12.00,12.00,24.00,12,12,0.00,0.00,0,0
1515972191,s3-eth2,30904.00,1250564.00,1281468.00,1250564,30904,414.00,826.00,1240.00,826,414,0.00,0.00,0,0
1515972191,s3-eth1,1249392.00,30904.00,1280296.00,30904,1249392,826.00,414.00,1240.00,414,826,0.00,0.00,0,0
1515972191,total,3844048.00,3845904.00,7689952.00,3845904,3844048,3734.00,3736.00,7470.00,3736,3734,0.00,0.00,0,0
1515972192,s1,0.00,0.00,0.00,0,0,0.00,0.00,0.00,0,0,0.00,0.00,0,0
1515972192,eth0,0.00,0.00,0.00,0,0,0.00,0.00,0.00,0,0,0.00,0.00,0,0
1515972192,eth1,0.00,0.00,0.00,0,0,0.00,0.00,0.00,0,0,0.00,0.00,0,0
1515972192,s2,0.00,0.00,0.00,0,0,0.00,0.00,0.00,0,0,0.00,0.00,0,0
1515972192,s1-eth2,30562.00,1250564.00,1281126.00,1250564,30562,413.00,826.00,1239.00,826,413,0.00,0.00,0,0
1515972192,s1-eth1,1250564.00,30562.00,1281126.00,30562,1250564,826.00,413.00,1239.00,413,826,0.00,0.00,0,0
1515972192,s3,0.00,0.00,0.00,0,0,0.00,0.00,0.00,0,0,0.00,0.00,0,0
1515972192,s2-eth2,30562.00,1250564.00,1281126.00,1250564,30562,413.00,826.00,1239.00,826,413,0.00,0.00,0,0
1515972192,s2-eth1,1250564.00,30562.00,1281126.00,30562,1250564,826.00,413.00,1239.00,413,826,0.00,0.00,0,0
1515972192,lo,0.00,0.00,0.00,0,0,0.00,0.00,0.00,0,0,0.00,0.00,0,0
1515972192,s3-eth2,30562.00,1250564.00,1281126.00,1250564,30562,413.00,826.00,1239.00,826,413,0.00,0.00,0,0
1515972192,s3-eth1,1250564.00,30562.00,1281126.00,30562,1250564,826.00,413.00,1239.00,413,826,0.00,0.00,0,0
1515972192,total,3843378.00,3843378.00,7686756.00,3843378,3843378,3717.00,3717.00,7434.00,3717,3717,0.00,0.00,0,0
1515972193,s1,0.00,0.00,0.00,0,0,0.00,0.00,0.00,0,0,0.00,0.00,0,0
1515972193,eth0,0.00,0.00,0.00,0,0,0.00,0.00,0.00,0,0,0.00,0.00,0,0
1515972193,eth1,0.00,0.00,0.00,0,0,0.00,0.00,0.00,0,0,0.00,0.00,0,0
1515972193,s2,0.00,0.00,0.00,0,0,0.00,0.00,0.00,0,0,0.00,0.00,0,0
1515972193,s1-eth2,30488.00,1250564.00,1281052.00,1250564,30488,412.00,826.00,1238.00,826,412,0.00,0.00,0,0
1515972193,s1-eth1,1250564.00,30562.00,1281126.00,30562,1250564,826.00,413.00,1239.00,413,826,0.00,0.00,0,0
1515972193,s3,0.00,0.00,0.00,0,0,0.00,0.00,0.00,0,0,0.00,0.00,0,0
1515972193,s2-eth2,30562.00,1250564.00,1281126.00,1250564,30562,413.00,826.00,1239.00,826,413,0.00,0.00,0,0
1515972193,s2-eth1,1250564.00,30488.00,1281052.00,30488,1250564,826.00,412.00,1238.00,412,826,0.00,0.00,0,0
1515972193,lo,0.00,0.00,0.00,0,0,0.00,0.00,0.00,0,0,0.00,0.00,0,0
1515972193,s3-eth2,30562.00,1250564.00,1281126.00,1250564,30562,413.00,826.00,1239.00,826,413,0.00,0.00,0,0
1515972193,s3-eth1,1250564.00,30562.00,1281126.00,30562,1250564,826.00,413.00,1239.00,413,826,0.00,0.00,0,0
1515972193,total,3843304.00,3843304.00,7686608.00,3843304,3843304,3716.00,3716.00,7432.00,3716,3716,0.00,0.00,0,0
1515972194,s1,0.00,0.00,0.00,0,0,0.00,0.00,0.00,0,0,0.00,0.00,0,0
1515972194,eth0,0.00,0.00,0.00,0,0,0.00,0.00,0.00,0,0,0.00,0.00,0,0
1515972194,eth1,0.00,0.00,0.00,0,0,0.00,0.00,0.00,0,0,0.00,0.00,0,0
1515972194,s2,0.00,0.00,0.00,0,0,0.00,0.00,0.00,0,0,0.00,0.00,0,0
1515972194,s1-eth2,30562.00,1250564.00,1281126.00,1250564,30562,413.00,826.00,1239.00,826,413,0.00,0.00,0,0
1515972194,s1-eth1,1250564.00,30562.00,1281126.00,30562,1250564,826.00,413.00,1239.00,413,826,0.00,0.00,0,0
1515972194,s3,0.00,0.00,0.00,0,0,0.00,0.00,0.00,0,0,0.00,0.00,0,0
1515972194,s2-eth2,30562.00,1250564.00,1281126.00,1250564,30562,413.00,826.00,1239.00,826,413,0.00,0.00,0,0
1515972194,s2-eth1,1250564.00,30562.00,1281126.00,30562,1250564,826.00,413.00,1239.00,413,826,0.00,0.00,0,0
1515972194,lo,0.00,0.00,0.00,0,0,0.00,0.00,0.00,0,0,0.00,0.00,0,0
1515972194,s3-eth2,30904.00,1250564.00,1281468.00,1250564,30904,414.00,826.00,1240.00,826,414,0.00,0.00,0,0
1515972194,s3-eth1,1250564.00,30562.00,1281126.00,30562,1250564,826.00,413.00,1239.00,413,826,0.00,0.00,0,0
1515972194,total,3843720.00,3843378.00,7687098.00,3843378,3843720,3718.00,3717.00,7435.00,3717,3718,0.00,0.00,0,0
1515972195,s1,0.00,342.00,342.00,342,0,0.00,1.00,1.00,1,0,0.00,0.00,0,0
1515972195,eth0,0.00,0.00,0.00,0,0,0.00,0.00,0.00,0,0,0.00,0.00,0,0
1515972195,eth1,0.00,0.00,0.00,0,0,0.00,0.00,0.00,0,0,0.00,0.00,0,0
1515972195,s2,0.00,0.00,0.00,0,0,0.00,0.00,0.00,0,0,0.00,0.00,0,0
1515972195,s1-eth2,30562.00,1249392.00,1279954.00,1249392,30562,413.00,826.00,1239.00,826,413,0.00,0.00,0,0
1515972195,s1-eth1,1250906.00,30562.00,1281468.00,30562,1250906,827.00,413.00,1240.00,413,827,0.00,0.00,0,0
1515972195,s3,0.00,0.00,0.00,0,0,0.00,0.00,0.00,0,0,0.00,0.00,0,0
1515972195,s2-eth2,30562.00,1250564.00,1281126.00,1250564,30562,413.00,826.00,1239.00,826,413,0.00,0.00,0,0
1515972195,s2-eth1,1249392.00,30562.00,1279954.00,30562,1249392,826.00,413.00,1239.00,413,826,0.00,0.00,0,0
1515972195,lo,498.00,498.00,996.00,498,498,6.00,6.00,12.00,6,6,0.00,0.00,0,0
1515972195,s3-eth2,30488.00,1249050.00,1279538.00,1249050,30488,412.00,825.00,1237.00,825,412,0.00,0.00,0,0
1515972195,s3-eth1,1250564.00,30562.00,1281126.00,30562,1250564,826.00,413.00,1239.00,413,826,0.00,0.00,0,0
1515972195,total,3842972.00,3841532.00,7684504.00,3841532,3842972,3723.00,3723.00,7446.00,3723,3723,0.00,0.00,0,0
1515972196,s1,0.00,0.00,0.00,0,0,0.00,0.00,0.00,0,0,0.00,0.00,0,0
1515972196,eth0,0.00,0.00,0.00,0,0,0.00,0.00,0.00,0,0,0.00,0.00,0,0
1515972196,eth1,0.00,0.00,0.00,0,0,0.00,0.00,0.00,0,0,0.00,0.00,0,0
1515972196,s2,0.00,0.00,0.00,0,0,0.00,0.00,0.00,0,0,0.00,0.00,0,0
1515972196,s1-eth2,30562.00,1250564.00,1281126.00,1250564,30562,413.00,826.00,1239.00,826,413,0.00,0.00,0,0
1515972196,s1-eth1,1249050.00,30562.00,1279612.00,30562,1249050,825.00,413.00,1238.00,413,825,0.00,0.00,0,0
1515972196,s3,0.00,0.00,0.00,0,0,0.00,0.00,0.00,0,0,0.00,0.00,0,0
1515972196,s2-eth2,30562.00,1250564.00,1281126.00,1250564,30562,413.00,826.00,1239.00,826,413,0.00,0.00,0,0
1515972196,s2-eth1,1250564.00,30562.00,1281126.00,30562,1250564,826.00,413.00,1239.00,413,826,0.00,0.00,0,0
1515972196,lo,172.00,172.00,344.00,172,172,3.00,3.00,6.00,3,3,0.00,0.00,0,0
1515972196,s3-eth2,30562.00,1250564.00,1281126.00,1250564,30562,413.00,826.00,1239.00,826,413,0.00,0.00,0,0
1515972196,s3-eth1,1250564.00,30562.00,1281126.00,30562,1250564,826.00,413.00,1239.00,413,826,0.00,0.00,0,0
1515972196,total,3842036.00,3843550.00,7685586.00,3843550,3842036,3719.00,3720.00,7439.00,3720,3719,0.00,0.00,0,0
1515972197,s1,0.00,0.00,0.00,0,0,0.00,0.00,0.00,0,0,0.00,0.00,0,0
1515972197,eth0,0.00,0.00,0.00,0,0,0.00,0.00,0.00,0,0,0.00,0.00,0,0
1515972197,eth1,0.00,0.00,0.00,0,0,0.00,0.00,0.00,0,0,0.00,0.00,0,0
1515972197,s2,0.00,0.00,0.00,0,0,0.00,0.00,0.00,0,0,0.00,0.00,0,0
1515972197,s1-eth2,30562.00,1250564.00,1281126.00,1250564,30562,413.00,826.00,1239.00,826,413,0.00,0.00,0,0
1515972197,s1-eth1,1250906.00,30488.00,1281394.00,30488,1250906,827.00,412.00,1239.00,412,827,0.00,0.00,0,0
1515972197,s3,0.00,0.00,0.00,0,0,0.00,0.00,0.00,0,0,0.00,0.00,0,0
1515972197,s2-eth2,30562.00,1250564.00,1281126.00,1250564,30562,413.00,826.00,1239.00,826,413,0.00,0.00,0,0
1515972197,s2-eth1,1250564.00,30562.00,1281126.00,30562,1250564,826.00,413.00,1239.00,413,826,0.00,0.00,0,0
1515972197,lo,0.00,0.00,0.00,0,0,0.00,0.00,0.00,0,0,0.00,0.00,0,0
1515972197,s3-eth2,30562.00,1250564.00,1281126.00,1250564,30562,413.00,826.00,1239.00,826,413,0.00,0.00,0,0
1515972197,s3-eth1,1250564.00,30562.00,1281126.00,30562,1250564,826.00,413.00,1239.00,413,826,0.00,0.00,0,0
1515972197,total,3843720.00,3843304.00,7687024.00,3843304,3843720,3718.00,3716.00,7434.00,3716,3718,0.00,0.00,0,0
1515972198,s1,0.00,0.00,0.00,0,0,0.00,0.00,0.00,0,0,0.00,0.00,0,0
1515972198,eth0,0.00,0.00,0.00,0,0,0.00,0.00,0.00,0,0,0.00,0.00,0,0
1515972198,eth1,0.00,0.00,0.00,0,0,0.00,0.00,0.00,0,0,0.00,0.00,0,0
1515972198,s2,0.00,342.00,342.00,342,0,0.00,1.00,1.00,1,0,0.00,0.00,0,0
1515972198,s1-eth2,30904.00,1250564.00,1281468.00,1250564,30904,414.00,826.00,1240.00,826,414,0.00,0.00,0,0
1515972198,s1-eth1,1250564.00,30562.00,1281126.00,30562,1250564,826.00,413.00,1239.00,413,826,0.00,0.00,0,0
1515972198,s3,0.00,342.00,342.00,342,0,0.00,1.00,1.00,1,0,0.00,0.00,0,0
1515972198,s2-eth2,30830.00,1250564.00,1281394.00,1250564,30830,413.00,826.00,1239.00,826,413,0.00,0.00,0,0
1515972198,s2-eth1,1250564.00,30904.00,1281468.00,30904,1250564,826.00,414.00,1240.00,414,826,0.00,0.00,0,0
1515972198,lo,652.00,652.00,1304.00,652,652,6.00,6.00,12.00,6,6,0.00,0.00,0,0
1515972198,s3-eth2,30904.00,1250564.00,1281468.00,1250564,30904,414.00,826.00,1240.00,826,414,0.00,0.00,0,0
1515972198,s3-eth1,1250564.00,30830.00,1281394.00,30830,1250564,826.00,413.00,1239.00,413,826,0.00,0.00,0,0
1515972198,total,3844982.00,3845324.00,7690306.00,3845324,3844982,3725.00,3726.00,7451.00,3726,3725,0.00,0.00,0,0
1515972199,s1,0.00,0.00,0.00,0,0,0.00,0.00,0.00,0,0,0.00,0.00,0,0
1515972199,eth0,0.00,0.00,0.00,0,0,0.00,0.00,0.00,0,0,0.00,0.00,0,0
1515972199,eth1,0.00,0.00,0.00,0,0,0.00,0.00,0.00,0,0,0.00,0.00,0,0
1515972199,s2,0.00,0.00,0.00,0,0,0.00,0.00,0.00,0,0,0.00,0.00,0,0
1515972199,s1-eth2,30562.00,1250564.00,1281126.00,1250564,30562,413.00,826.00,1239.00,826,413,0.00,0.00,0,0
1515972199,s1-eth1,1250564.00,30562.00,1281126.00,30562,1250564,826.00,413.00,1239.00,413,826,0.00,0.00,0,0
1515972199,s3,0.00,342.00,342.00,342,0,0.00,1.00,1.00,1,0,0.00,0.00,0,0
1515972199,s2-eth2,30904.00,1249050.00,1279954.00,1249050,30904,414.00,825.00,1239.00,825,414,0.00,0.00,0,0
1515972199,s2-eth1,1250564.00,30562.00,1281126.00,30562,1250564,826.00,413.00,1239.00,413,826,0.00,0.00,0,0
1515972199,lo,326.00,326.00,652.00,326,326,3.00,3.00,6.00,3,3,0.00,0.00,0,0
1515972199,s3-eth2,30904.00,1250564.00,1281468.00,1250564,30904,414.00,826.00,1240.00,826,414,0.00,0.00,0,0
1515972199,s3-eth1,1249050.00,30904.00,1279954.00,30904,1249050,825.00,414.00,1239.00,414,825,0.00,0.00,0,0
1515972199,total,3842874.00,3842874.00,7685748.00,3842874,3842874,3721.00,3721.00,7442.00,3721,3721,0.00,0.00,0,0
1515972200,s1,0.00,0.00,0.00,0,0,0.00,0.00,0.00,0,0,0.00,0.00,0,0
1515972200,eth0,0.00,0.00,0.00,0,0,0.00,0.00,0.00,0,0,0.00,0.00,0,0
1515972200,eth1,0.00,0.00,0.00,0,0,0.00,0.00,0.00,0,0,0.00,0.00,0,0
1515972200,s2,0.00,0.00,0.00,0,0,0.00,0.00,0.00,0,0,0.00,0.00,0,0
1515972200,s1-eth2,30562.00,1250564.00,1281126.00,1250564,30562,413.00,826.00,1239.00,826,413,0.00,0.00,0,0
1515972200,s1-eth1,1250564.00,30562.00,1281126.00,30562,1250564,826.00,413.00,1239.00,413,826,0.00,0.00,0,0
1515972200,s3,0.00,0.00,0.00,0,0,0.00,0.00,0.00,0,0,0.00,0.00,0,0
1515972200,s2-eth2,30562.00,1250564.00,1281126.00,1250564,30562,413.00,826.00,1239.00,826,413,0.00,0.00,0,0
1515972200,s2-eth1,1250564.00,30562.00,1281126.00,30562,1250564,826.00,413.00,1239.00,413,826,0.00,0.00,0,0
1515972200,lo,172.00,172.00,344.00,172,172,3.00,3.00,6.00,3,3,0.00,0.00,0,0
1515972200,s3-eth2,30562.00,1250564.00,1281126.00,1250564,30562,413.00,826.00,1239.00,826,413,0.00,0.00,0,0
1515972200,s3-eth1,1250564.00,30562.00,1281126.00,30562,1250564,826.00,413.00,1239.00,413,826,0.00,0.00,0,0
1515972200,total,3843550.00,3843550.00,7687100.00,3843550,3843550,3720.00,3720.00,7440.00,3720,3720,0.00,0.00,0,0
1515972201,s1,0.00,0.00,0.00,0,0,0.00,0.00,0.00,0,0,0.00,0.00,0,0
1515972201,eth0,0.00,0.00,0.00,0,0,0.00,0.00,0.00,0,0,0.00,0.00,0,0
1515972201,eth1,0.00,0.00,0.00,0,0,0.00,0.00,0.00,0,0,0.00,0.00,0,0
1515972201,s2,0.00,0.00,0.00,0,0,0.00,0.00,0.00,0,0,0.00,0.00,0,0
1515972201,s1-eth2,30562.00,1249050.00,1279612.00,1249050,30562,413.00,825.00,1238.00,825,413,0.00,0.00,0,0
1515972201,s1-eth1,1250564.00,30562.00,1281126.00,30562,1250564,826.00,413.00,1239.00,413,826,0.00,0.00,0,0
1515972201,s3,0.00,0.00,0.00,0,0,0.00,0.00,0.00,0,0,0.00,0.00,0,0
1515972201,s2-eth2,30562.00,1250564.00,1281126.00,1250564,30562,413.00,826.00,1239.00,826,413,0.00,0.00,0,0
1515972201,s2-eth1,1249050.00,30562.00,1279612.00,30562,1249050,825.00,413.00,1238.00,413,825,0.00,0.00,0,0
1515972201,lo,0.00,0.00,0.00,0,0,0.00,0.00,0.00,0,0,0.00,0.00,0,0
1515972201,s3-eth2,30904.00,1250564.00,1281468.00,1250564,30904,414.00,826.00,1240.00,826,414,0.00,0.00,0,0
1515972201,s3-eth1,1250564.00,30562.00,1281126.00,30562,1250564,826.00,413.00,1239.00,413,826,0.00,0.00,0,0
1515972201,total,3842206.00,3841864.00,7684070.00,3841864,3842206,3717.00,3716.00,7433.00,3716,3717,0.00,0.00,0,0
1515972202,s1,0.00,0.00,0.00,0,0,0.00,0.00,0.00,0,0,0.00,0.00,0,0
1515972202,eth0,0.00,0.00,0.00,0,0,0.00,0.00,0.00,0,0,0.00,0.00,0,0
1515972202,eth1,0.00,0.00,0.00,0,0,0.00,0.00,0.00,0,0,0.00,0.00,0,0
1515972202,s2,0.00,0.00,0.00,0,0,0.00,0.00,0.00,0,0,0.00,0.00,0,0
1515972202,s1-eth2,30604.00,1250606.00,1281210.00,1250606,30604,414.00,827.00,1241.00,827,414,0.00,0.00,0,0
1515972202,s1-eth1,1249092.00,30604.00,1279696.00,30604,1249092,826.00,414.00,1240.00,414,826,0.00,0.00,0,0
1515972202,s3,0.00,0.00,0.00,0,0,0.00,0.00,0.00,0,0,0.00,0.00,0,0
1515972202,s2-eth2,30604.00,1250606.00,1281210.00,1250606,30604,414.00,827.00,1241.00,827,414,0.00,0.00,0,0
1515972202,s2-eth1,1250606.00,30604.00,1281210.00,30604,1250606,827.00,414.00,1241.00,414,827,0.00,0.00,0,0
1515972202,lo,888.00,888.00,1776.00,888,888,9.00,9.00,18.00,9,9,0.00,0.00,0,0
1515972202,s3-eth2,30604.00,1249092.00,1279696.00,1249092,30604,414.00,826.00,1240.00,826,414,0.00,0.00,0,0
1515972202,s3-eth1,1250606.00,30604.00,1281210.00,30604,1250606,827.00,414.00,1241.00,414,827,0.00,0.00,0,0
1515972202,total,3843004.00,3843004.00,7686008.00,3843004,3843004,3731.00,3731.00,7462.00,3731,3731,0.00,0.00,0,0
1515972203,s1,0.00,342.00,342.00,342,0,0.00,1.00,1.00,1,0,0.00,0.00,0,0
1515972203,eth0,0.00,0.00,0.00,0,0,0.00,0.00,0.00,0,0,0.00,0.00,0,0
1515972203,eth1,0.00,0.00,0.00,0,0,0.00,0.00,0.00,0,0,0.00,0.00,0,0
1515972203,s2,0.00,342.00,342.00,342,0,0.00,1.00,1.00,1,0,0.00,0.00,0,0
1515972203,s1-eth2,30562.00,1250906.00,1281468.00,1250906,30562,413.00,827.00,1240.00,827,413,0.00,0.00,0,0
1515972203,s1-eth1,1250564.00,30562.00,1281126.00,30562,1250564,826.00,413.00,1239.00,413,826,0.00,0.00,0,0
1515972203,s3,0.00,0.00,0.00,0,0,0.00,0.00,0.00,0,0,0.00,0.00,0,0
1515972203,s2-eth2,30562.00,1250906.00,1281468.00,1250906,30562,413.00,827.00,1240.00,827,413,0.00,0.00,0,0
1515972203,s2-eth1,1250906.00,30562.00,1281468.00,30562,1250906,827.00,413.00,1240.00,413,827,0.00,0.00,0,0
1515972203,lo,652.00,652.00,1304.00,652,652,6.00,6.00,12.00,6,6,0.00,0.00,0,0
1515972203,s3-eth2,30562.00,1250564.00,1281126.00,1250564,30562,413.00,826.00,1239.00,826,413,0.00,0.00,0,0
1515972203,s3-eth1,1250906.00,30562.00,1281468.00,30562,1250906,827.00,413.00,1240.00,413,827,0.00,0.00,0,0
1515972203,total,3844714.00,3845398.00,7690112.00,3845398,3844714,3725.00,3727.00,7452.00,3727,3725,0.00,0.00,0,0
1515972204,s1,0.00,107.00,107.00,107,0,0.00,1.00,1.00,1,0,0.00,0.00,0,0
1515972204,eth0,0.00,0.00,0.00,0,0,0.00,0.00,0.00,0,0,0.00,0.00,0,0
1515972204,eth1,0.00,0.00,0.00,0,0,0.00,0.00,0.00,0,0,0.00,0.00,0,0
1515972204,s2,0.00,0.00,0.00,0,0,0.00,0.00,0.00,0,0,0.00,0.00,0,0
1515972204,s1-eth2,30488.00,1250671.00,1281159.00,1250671,30488,412.00,827.00,1239.00,827,412,0.00,0.00,0,0
1515972204,s1-eth1,1251120.00,30562.00,1281682.00,30562,1251120,829.00,413.00,1242.00,413,829,0.00,0.00,0,0
1515972204,s3,0.00,0.00,0.00,0,0,0.00,0.00,0.00,0,0,0.00,0.00,0,0
1515972204,s2-eth2,30562.00,1249050.00,1279612.00,1249050,30562,413.00,825.00,1238.00,825,413,0.00,0.00,0,0
1515972204,s2-eth1,1250671.00,30488.00,1281159.00,30488,1250671,827.00,412.00,1239.00,412,827,0.00,0.00,0,0
1515972204,lo,305.00,305.00,610.00,305,305,3.00,3.00,6.00,3,3,0.00,0.00,0,0
1515972204,s3-eth2,30488.00,1250564.00,1281052.00,1250564,30488,412.00,826.00,1238.00,826,412,0.00,0.00,0,0
1515972204,s3-eth1,1249050.00,30562.00,1279612.00,30562,1249050,825.00,413.00,1238.00,413,825,0.00,0.00,0,0
1515972204,total,3842684.00,3842309.00,7684993.00,3842309,3842684,3721.00,3720.00,7441.00,3720,3721,0.00,0.00,0,0
1515972205,s1,0.00,107.00,107.00,107,0,0.00,1.00,1.00,1,0,0.00,0.00,0,0
1515972205,eth0,0.00,0.00,0.00,0,0,0.00,0.00,0.00,0,0,0.00,0.00,0,0
1515972205,eth1,0.00,0.00,0.00,0,0,0.00,0.00,0.00,0,0,0.00,0.00,0,0
1515972205,s2,0.00,556.00,556.00,556,0,0.00,3.00,3.00,3,0,0.00,0.00,0,0
1515972205,s1-eth2,31011.00,1249157.00,1280168.00,1249157,31011,415.00,826.00,1241.00,826,415,0.00,0.00,0,0
1515972205,s1-eth1,1250671.00,30562.00,1281233.00,30562,1250671,827.00,413.00,1240.00,413,827,0.00,0.00,0,0
1515972205,s3,0.00,556.00,556.00,556,0,0.00,3.00,3.00,3,0,0.00,0.00,0,0
1515972205,s2-eth2,31118.00,1250671.00,1281789.00,1250671,31118,416.00,827.00,1243.00,827,416,0.00,0.00,0,0
1515972205,s2-eth1,1249157.00,31011.00,1280168.00,31011,1249157,826.00,415.00,1241.00,415,826,0.00,0.00,0,0
1515972205,lo,2177.00,2177.00,4354.00,2177,2177,21.00,21.00,42.00,21,21,0.00,0.00,0,0
1515972205,s3-eth2,31225.00,1250564.00,1281789.00,1250564,31225,417.00,826.00,1243.00,826,417,0.00,0.00,0,0
1515972205,s3-eth1,1250671.00,31118.00,1281789.00,31118,1250671,827.00,416.00,1243.00,416,827,0.00,0.00,0,0
1515972205,total,3846030.00,3846479.00,7692509.00,3846479,3846030,3749.00,3751.00,7500.00,3751,3749,0.00,0.00,0,0
1515972206,s1,0.00,0.00,0.00,0,0,0.00,0.00,0.00,0,0,0.00,0.00,0,0
1515972206,eth0,0.00,0.00,0.00,0,0,0.00,0.00,0.00,0,0,0.00,0.00,0,0
1515972206,eth1,0.00,0.00,0.00,0,0,0.00,0.00,0.00,0,0,0.00,0.00,0,0
1515972206,s2,0.00,0.00,0.00,0,0,0.00,0.00,0.00,0,0,0.00,0.00,0,0
1515972206,s1-eth2,30562.00,1250564.00,1281126.00,1250564,30562,413.00,826.00,1239.00,826,413,0.00,0.00,0,0
1515972206,s1-eth1,1249050.00,30562.00,1279612.00,30562,1249050,825.00,413.00,1238.00,413,825,0.00,0.00,0,0
1515972206,s3,0.00,0.00,0.00,0,0,0.00,0.00,0.00,0,0,0.00,0.00,0,0
1515972206,s2-eth2,30562.00,1250564.00,1281126.00,1250564,30562,413.00,826.00,1239.00,826,413,0.00,0.00,0,0
1515972206,s2-eth1,1250564.00,30562.00,1281126.00,30562,1250564,826.00,413.00,1239.00,413,826,0.00,0.00,0,0
1515972206,lo,0.00,0.00,0.00,0,0,0.00,0.00,0.00,0,0,0.00,0.00,0,0
1515972206,s3-eth2,30636.00,1250564.00,1281200.00,1250564,30636,414.00,826.00,1240.00,826,414,0.00,0.00,0,0
1515972206,s3-eth1,1250564.00,30562.00,1281126.00,30562,1250564,826.00,413.00,1239.00,413,826,0.00,0.00,0,0
1515972206,total,3841938.00,3843378.00,7685316.00,3843378,3841938,3717.00,3717.00,7434.00,3717,3717,0.00,0.00,0,0
1515972207,s1,0.00,0.00,0.00,0,0,0.00,0.00,0.00,0,0,0.00,0.00,0,0
1515972207,eth0,0.00,0.00,0.00,0,0,0.00,0.00,0.00,0,0,0.00,0.00,0,0
1515972207,eth1,0.00,0.00,0.00,0,0,0.00,0.00,0.00,0,0,0.00,0.00,0,0
1515972207,s2,0.00,0.00,0.00,0,0,0.00,0.00,0.00,0,0,0.00,0.00,0,0
1515972207,s1-eth2,30266.00,1236938.00,1267204.00,1236938,30266,409.00,817.00,1226.00,817,409,0.00,0.00,0,0
1515972207,s1-eth1,1236938.00,30266.00,1267204.00,30266,1236938,817.00,409.00,1226.00,409,817,0.00,0.00,0,0
1515972207,s3,0.00,0.00,0.00,0,0,0.00,0.00,0.00,0,0,0.00,0.00,0,0
1515972207,s2-eth2,30266.00,1236938.00,1267204.00,1236938,30266,409.00,817.00,1226.00,817,409,0.00,0.00,0,0
1515972207,s2-eth1,1236938.00,30266.00,1267204.00,30266,1236938,817.00,409.00,1226.00,409,817,0.00,0.00,0,0
1515972207,lo,0.00,0.00,0.00,0,0,0.00,0.00,0.00,0,0,0.00,0.00,0,0
1515972207,s3-eth2,30192.00,1236938.00,1267130.00,1236938,30192,408.00,817.00,1225.00,817,408,0.00,0.00,0,0
1515972207,s3-eth1,1236938.00,30266.00,1267204.00,30266,1236938,817.00,409.00,1226.00,409,817,0.00,0.00,0,0
1515972207,total,3801538.00,3801612.00,7603150.00,3801612,3801538,3677.00,3678.00,7355.00,3678,3677,0.00,0.00,0,0
1515972208,s1,0.00,0.00,0.00,0,0,0.00,0.00,0.00,0,0,0.00,0.00,0,0
1515972208,eth0,0.00,0.00,0.00,0,0,0.00,0.00,0.00,0,0,0.00,0.00,0,0
1515972208,eth1,0.00,368.00,368.00,368,0,0.00,4.00,4.00,4,0,0.00,0.00,0,0
1515972208,s2,0.00,0.00,0.00,0,0,0.00,0.00,0.00,0,0,0.00,0.00,0,0
1515972208,s1-eth2,30562.00,1250564.00,1281126.00,1250564,30562,413.00,826.00,1239.00,826,413,0.00,0.00,0,0
1515972208,s1-eth1,1250564.00,30562.00,1281126.00,30562,1250564,826.00,413.00,1239.00,413,826,0.00,0.00,0,0
1515972208,s3,0.00,0.00,0.00,0,0,0.00,0.00,0.00,0,0,0.00,0.00,0,0
1515972208,s2-eth2,30562.00,1250564.00,1281126.00,1250564,30562,413.00,826.00,1239.00,826,413,0.00,0.00,0,0
1515972208,s2-eth1,1250564.00,30562.00,1281126.00,30562,1250564,826.00,413.00,1239.00,413,826,0.00,0.00,0,0
1515972208,lo,0.00,0.00,0.00,0,0,0.00,0.00,0.00,0,0,0.00,0.00,0,0
1515972208,s3-eth2,30562.00,1250564.00,1281126.00,1250564,30562,413.00,826.00,1239.00,826,413,0.00,0.00,0,0
1515972208,s3-eth1,1250564.00,30562.00,1281126.00,30562,1250564,826.00,413.00,1239.00,413,826,0.00,0.00,0,0
1515972208,total,3843378.00,3843746.00,7687124.00,3843746,3843378,3717.00,3721.00,7438.00,3721,3717,0.00,0.00,0,0
1515972209,s1,0.00,0.00,0.00,0,0,0.00,0.00,0.00,0,0,0.00,0.00,0,0
1515972209,eth0,0.00,0.00,0.00,0,0,0.00,0.00,0.00,0,0,0.00,0.00,0,0
1515972209,eth1,0.00,184.00,184.00,184,0,0.00,2.00,2.00,2,0,0.00,0.00,0,0
1515972209,s2,0.00,0.00,0.00,0,0,0.00,0.00,0.00,0,0,0.00,0.00,0,0
1515972209,s1-eth2,30562.00,1250564.00,1281126.00,1250564,30562,413.00,826.00,1239.00,826,413,0.00,0.00,0,0
1515972209,s1-eth1,1250906.00,30488.00,1281394.00,30488,1250906,827.00,412.00,1239.00,412,827,0.00,0.00,0,0
1515972209,s3,0.00,0.00,0.00,0,0,0.00,0.00,0.00,0,0,0.00,0.00,0,0
1515972209,s2-eth2,30488.00,1250564.00,1281052.00,1250564,30488,412.00,826.00,1238.00,826,412,0.00,0.00,0,0
1515972209,s2-eth1,1250564.00,30562.00,1281126.00,30562,1250564,826.00,413.00,1239.00,413,826,0.00,0.00,0,0
1515972209,lo,516.00,516.00,1032.00,516,516,9.00,9.00,18.00,9,9,0.00,0.00,0,0
1515972209,s3-eth2,30562.00,1249050.00,1279612.00,1249050,30562,413.00,825.00,1238.00,825,413,0.00,0.00,0,0
1515972209,s3-eth1,1250564.00,30488.00,1281052.00,30488,1250564,826.00,412.00,1238.00,412,826,0.00,0.00,0,0
1515972209,total,3844162.00,3842416.00,7686578.00,3842416,3844162,3726.00,3725.00,7451.00,3725,3726,0.00,0.00,0,0
1515972210,s1,0.00,0.00,0.00,0,0,0.00,0.00,0.00,0,0,0.00,0.00,0,0
1515972210,eth0,0.00,0.00,0.00,0,0,0.00,0.00,0.00,0,0,0.00,0.00,0,0
1515972210,eth1,0.00,980.00,980.00,980,0,0.00,5.00,5.00,5,0,0.00,0.00,0,0
1515972210,s2,0.00,0.00,0.00,0,0,0.00,0.00,0.00,0,0,0.00,0.00,0,0
1515972210,s1-eth2,30562.00,1250564.00,1281126.00,1250564,30562,413.00,826.00,1239.00,826,413,0.00,0.00,0,0
1515972210,s1-eth1,1250564.00,30562.00,1281126.00,30562,1250564,826.00,413.00,1239.00,413,826,0.00,0.00,0,0
1515972210,s3,0.00,0.00,0.00,0,0,0.00,0.00,0.00,0,0,0.00,0.00,0,0
1515972210,s2-eth2,30562.00,1250564.00,1281126.00,1250564,30562,413.00,826.00,1239.00,826,413,0.00,0.00,0,0
1515972210,s2-eth1,1250564.00,30562.00,1281126.00,30562,1250564,826.00,413.00,1239.00,413,826,0.00,0.00,0,0
1515972210,lo,0.00,0.00,0.00,0,0,0.00,0.00,0.00,0,0,0.00,0.00,0,0
1515972210,s3-eth2,30562.00,1250564.00,1281126.00,1250564,30562,413.00,826.00,1239.00,826,413,0.00,0.00,0,0
1515972210,s3-eth1,1250564.00,30562.00,1281126.00,30562,1250564,826.00,413.00,1239.00,413,826,0.00,0.00,0,0
1515972210,total,3843378.00,3844358.00,7687736.00,3844358,3843378,3717.00,3722.00,7439.00,3722,3717,0.00,0.00,0,0
1515972211,s1,0.00,342.00,342.00,342,0,0.00,1.00,1.00,1,0,0.00,0.00,0,0
1515972211,eth0,0.00,0.00,0.00,0,0,0.00,0.00,0.00,0,0,0.00,0.00,0,0
1515972211,eth1,0.00,184.00,184.00,184,0,0.00,2.00,2.00,2,0,0.00,0.00,0,0
1515972211,s2,0.00,0.00,0.00,0,0,0.00,0.00,0.00,0,0,0.00,0.00,0,0
1515972211,s1-eth2,30562.00,1250906.00,1281468.00,1250906,30562,413.00,827.00,1240.00,827,413,0.00,0.00,0,0
1515972211,s1-eth1,1250906.00,30562.00,1281468.00,30562,1250906,827.00,413.00,1240.00,413,827,0.00,0.00,0,0
1515972211,s3,0.00,0.00,0.00,0,0,0.00,0.00,0.00,0,0,0.00,0.00,0,0
1515972211,s2-eth2,30562.00,1250564.00,1281126.00,1250564,30562,413.00,826.00,1239.00,826,413,0.00,0.00,0,0
1515972211,s2-eth1,1250906.00,30562.00,1281468.00,30562,1250906,827.00,413.00,1240.00,413,827,0.00,0.00,0,0
1515972211,lo,326.00,326.00,652.00,326,326,3.00,3.00,6.00,3,3,0.00,0.00,0,0
1515972211,s3-eth2,30562.00,1250564.00,1281126.00,1250564,30562,413.00,826.00,1239.00,826,413,0.00,0.00,0,0
1515972211,s3-eth1,1250564.00,30562.00,1281126.00,30562,1250564,826.00,413.00,1239.00,413,826,0.00,0.00,0,0
1515972211,total,3844388.00,3844572.00,7688960.00,3844572,3844388,3722.00,3724.00,7446.00,3724,3722,0.00,0.00,0,0
1515972212,s1,0.00,0.00,0.00,0,0,0.00,0.00,0.00,0,0,0.00,0.00,0,0
1515972212,eth0,0.00,0.00,0.00,0,0,0.00,0.00,0.00,0,0,0.00,0.00,0,0
1515972212,eth1,0.00,92.00,92.00,92,0,0.00,1.00,1.00,1,0,0.00,0.00,0,0
1515972212,s2,0.00,0.00,0.00,0,0,0.00,0.00,0.00,0,0,0.00,0.00,0,0
1515972212,s1-eth2,30562.00,1250564.00,1281126.00,1250564,30562,413.00,826.00,1239.00,826,413,0.00,0.00,0,0
1515972212,s1-eth1,1249050.00,30562.00,1279612.00,30562,1249050,825.00,413.00,1238.00,413,825,0.00,0.00,0,0
1515972212,s3,0.00,0.00,0.00,0,0,0.00,0.00,0.00,0,0,0.00,0.00,0,0
1515972212,s2-eth2,30562.00,1250564.00,1281126.00,1250564,30562,413.00,826.00,1239.00,826,413,0.00,0.00,0,0
1515972212,s2-eth1,1250564.00,30562.00,1281126.00,30562,1250564,826.00,413.00,1239.00,413,826,0.00,0.00,0,0
1515972212,lo,0.00,0.00,0.00,0,0,0.00,0.00,0.00,0,0,0.00,0.00,0,0
1515972212,s3-eth2,30562.00,1250564.00,1281126.00,1250564,30562,413.00,826.00,1239.00,826,413,0.00,0.00,0,0
1515972212,s3-eth1,1250564.00,30562.00,1281126.00,30562,1250564,826.00,413.00,1239.00,413,826,0.00,0.00,0,0
1515972212,total,3841864.00,3843470.00,7685334.00,3843470,3841864,3716.00,3718.00,7434.00,3718,3716,0.00,0.00,0,0
1515972213,s1,0.00,0.00,0.00,0,0,0.00,0.00,0.00,0,0,0.00,0.00,0,0
1515972213,eth0,0.00,0.00,0.00,0,0,0.00,0.00,0.00,0,0,0.00,0.00,0,0
1515972213,eth1,0.00,92.00,92.00,92,0,0.00,1.00,1.00,1,0,0.00,0.00,0,0
1515972213,s2,0.00,0.00,0.00,0,0,0.00,0.00,0.00,0,0,0.00,0.00,0,0
1515972213,s1-eth2,30562.00,1249050.00,1279612.00,1249050,30562,413.00,825.00,1238.00,825,413,0.00,0.00,0,0
1515972213,s1-eth1,1250564.00,30562.00,1281126.00,30562,1250564,826.00,413.00,1239.00,413,826,0.00,0.00,0,0
1515972213,s3,0.00,342.00,342.00,342,0,0.00,1.00,1.00,1,0,0.00,0.00,0,0
1515972213,s2-eth2,30904.00,1250564.00,1281468.00,1250564,30904,414.00,826.00,1240.00,826,414,0.00,0.00,0,0
1515972213,s2-eth1,1249050.00,30562.00,1279612.00,30562,1249050,825.00,413.00,1238.00,413,825,0.00,0.00,0,0
1515972213,lo,326.00,326.00,652.00,326,326,3.00,3.00,6.00,3,3,0.00,0.00,0,0
1515972213,s3-eth2,30904.00,1250564.00,1281468.00,1250564,30904,414.00,826.00,1240.00,826,414,0.00,0.00,0,0
1515972213,s3-eth1,1250564.00,30904.00,1281468.00,30904,1250564,826.00,414.00,1240.00,414,826,0.00,0.00,0,0
1515972213,total,3842874.00,3842966.00,7685840.00,3842966,3842874,3721.00,3722.00,7443.00,3722,3721,0.00,0.00,0,0
1515972214,s1,0.00,0.00,0.00,0,0,0.00,0.00,0.00,0,0,0.00,0.00,0,0
1515972214,eth0,0.00,0.00,0.00,0,0,0.00,0.00,0.00,0,0,0.00,0.00,0,0
1515972214,eth1,0.00,92.00,92.00,92,0,0.00,1.00,1.00,1,0,0.00,0.00,0,0
1515972214,s2,0.00,0.00,0.00,0,0,0.00,0.00,0.00,0,0,0.00,0.00,0,0
1515972214,s1-eth2,30488.00,1250564.00,1281052.00,1250564,30488,412.00,826.00,1238.00,826,412,0.00,0.00,0,0
1515972214,s1-eth1,1250564.00,30562.00,1281126.00,30562,1250564,826.00,413.00,1239.00,413,826,0.00,0.00,0,0
1515972214,s3,0.00,0.00,0.00,0,0,0.00,0.00,0.00,0,0,0.00,0.00,0,0
1515972214,s2-eth2,30562.00,1249050.00,1279612.00,1249050,30562,413.00,825.00,1238.00,825,413,0.00,0.00,0,0
1515972214,s2-eth1,1250564.00,30488.00,1281052.00,30488,1250564,826.00,412.00,1238.00,412,826,0.00,0.00,0,0
1515972214,lo,172.00,172.00,344.00,172,172,3.00,3.00,6.00,3,3,0.00,0.00,0,0
1515972214,s3-eth2,30562.00,1250564.00,1281126.00,1250564,30562,413.00,826.00,1239.00,826,413,0.00,0.00,0,0
1515972214,s3-eth1,1249050.00,30562.00,1279612.00,30562,1249050,825.00,413.00,1238.00,413,825,0.00,0.00,0,0
1515972214,total,3841962.00,3842054.00,7684016.00,3842054,3841962,3718.00,3719.00,7437.00,3719,3718,0.00,0.00,0,0
1515972215,s1,0.00,0.00,0.00,0,0,0.00,0.00,0.00,0,0,0.00,0.00,0,0
1515972215,eth0,0.00,0.00,0.00,0,0,0.00,0.00,0.00,0,0,0.00,0.00,0,0
1515972215,eth1,0.00,0.00,0.00,0,0,0.00,0.00,0.00,0,0,0.00,0.00,0,0
1515972215,s2,0.00,0.00,0.00,0,0,0.00,0.00,0.00,0,0,0.00,0.00,0,0
1515972215,s1-eth2,30488.00,1249050.00,1279538.00,1249050,30488,412.00,825.00,1237.00,825,412,0.00,0.00,0,0
1515972215,s1-eth1,1247536.00,30488.00,1278024.00,30488,1247536,824.00,412.00,1236.00,412,824,0.00,0.00,0,0
1515972215,s3,0.00,0.00,0.00,0,0,0.00,0.00,0.00,0,0,0.00,0.00,0,0
1515972215,s2-eth2,30488.00,1249050.00,1279538.00,1249050,30488,412.00,825.00,1237.00,825,412,0.00,0.00,0,0
1515972215,s2-eth1,1249050.00,30488.00,1279538.00,30488,1249050,825.00,412.00,1237.00,412,825,0.00,0.00,0,0
1515972215,lo,0.00,0.00,0.00,0,0,0.00,0.00,0.00,0,0,0.00,0.00,0,0
1515972215,s3-eth2,30830.00,1247536.00,1278366.00,1247536,30830,413.00,824.00,1237.00,824,413,0.00,0.00,0,0
1515972215,s3-eth1,1249050.00,30488.00,1279538.00,30488,1249050,825.00,412.00,1237.00,412,825,0.00,0.00,0,0
1515972215,total,3837442.00,3837100.00,7674542.00,3837100,3837442,3711.00,3710.00,7421.00,3710,3711,0.00,0.00,0,0
1515972216,s1,0.00,0.00,0.00,0,0,0.00,0.00,0.00,0,0,0.00,0.00,0,0
1515972216,eth0,0.00,0.00,0.00,0,0,0.00,0.00,0.00,0,0,0.00,0.00,0,0
1515972216,eth1,0.00,0.00,0.00,0,0,0.00,0.00,0.00,0,0,0.00,0.00,0,0
1515972216,s2,0.00,342.00,342.00,342,0,0.00,1.00,1.00,1,0,0.00,0.00,0,0
1515972216,s1-eth2,30904.00,1250564.00,1281468.00,1250564,30904,414.00,826.00,1240.00,826,414,0.00,0.00,0,0
1515972216,s1-eth1,1250564.00,30562.00,1281126.00,30562,1250564,826.00,413.00,1239.00,413,826,0.00,0.00,0,0
1515972216,s3,0.00,342.00,342.00,342,0,0.00,1.00,1.00,1,0,0.00,0.00,0,0
1515972216,s2-eth2,30904.00,1250564.00,1281468.00,1250564,30904,414.00,826.00,1240.00,826,414,0.00,0.00,0,0
1515972216,s2-eth1,1250564.00,30904.00,1281468.00,30904,1250564,826.00,414.00,1240.00,414,826,0.00,0.00,0,0
1515972216,lo,824.00,824.00,1648.00,824,824,9.00,9.00,18.00,9,9,0.00,0.00,0,0
1515972216,s3-eth2,30904.00,1250564.00,1281468.00,1250564,30904,414.00,826.00,1240.00,826,414,0.00,0.00,0,0
1515972216,s3-eth1,1250564.00,30904.00,1281468.00,30904,1250564,826.00,414.00,1240.00,414,826,0.00,0.00,0,0
1515972216,total,3845228.00,3845570.00,7690798.00,3845570,3845228,3729.00,3730.00,7459.00,3730,3729,0.00,0.00,0,0
1515972217,s1,0.00,0.00,0.00,0,0,0.00,0.00,0.00,0,0,0.00,0.00,0,0
1515972217,eth0,0.00,0.00,0.00,0,0,0.00,0.00,0.00,0,0,0.00,0.00,0,0
1515972217,eth1,0.00,0.00,0.00,0,0,0.00,0.00,0.00,0,0,0.00,0.00,0,0
1515972217,s2,0.00,0.00,0.00,0,0,0.00,0.00,0.00,0,0,0.00,0.00,0,0
1515972217,s1-eth2,30562.00,1250564.00,1281126.00,1250564,30562,413.00,826.00,1239.00,826,413,0.00,0.00,0,0
1515972217,s1-eth1,1250564.00,30562.00,1281126.00,30562,1250564,826.00,413.00,1239.00,413,826,0.00,0.00,0,0
1515972217,s3,0.00,0.00,0.00,0,0,0.00,0.00,0.00,0,0,0.00,0.00,0,0
1515972217,s2-eth2,30562.00,1250564.00,1281126.00,1250564,30562,413.00,826.00,1239.00,826,413,0.00,0.00,0,0
1515972217,s2-eth1,1250564.00,30562.00,1281126.00,30562,1250564,826.00,413.00,1239.00,413,826,0.00,0.00,0,0
1515972217,lo,0.00,0.00,0.00,0,0,0.00,0.00,0.00,0,0,0.00,0.00,0,0
1515972217,s3-eth2,30488.00,1250564.00,1281052.00,1250564,30488,412.00,826.00,1238.00,826,412,0.00,0.00,0,0
1515972217,s3-eth1,1250564.00,30562.00,1281126.00,30562,1250564,826.00,413.00,1239.00,413,826,0.00,0.00,0,0
1515972217,total,3843304.00,3843378.00,7686682.00,3843378,3843304,3716.00,3717.00,7433.00,3717,3716,0.00,0.00,0,0
1515972218,s1,0.00,0.00,0.00,0,0,0.00,0.00,0.00,0,0,0.00,0.00,0,0
1515972218,eth0,0.00,0.00,0.00,0,0,0.00,0.00,0.00,0,0,0.00,0.00,0,0
1515972218,eth1,0.00,0.00,0.00,0,0,0.00,0.00,0.00,0,0,0.00,0.00,0,0
1515972218,s2,0.00,0.00,0.00,0,0,0.00,0.00,0.00,0,0,0.00,0.00,0,0
1515972218,s1-eth2,30562.00,1249050.00,1279612.00,1249050,30562,413.00,825.00,1238.00,825,413,0.00,0.00,0,0
1515972218,s1-eth1,1250564.00,30562.00,1281126.00,30562,1250564,826.00,413.00,1239.00,413,826,0.00,0.00,0,0
1515972218,s3,0.00,0.00,0.00,0,0,0.00,0.00,0.00,0,0,0.00,0.00,0,0
1515972218,s2-eth2,30562.00,1249050.00,1279612.00,1249050,30562,413.00,825.00,1238.00,825,413,0.00,0.00,0,0
1515972218,s2-eth1,1249050.00,30562.00,1279612.00,30562,1249050,825.00,413.00,1238.00,413,825,0.00,0.00,0,0
1515972218,lo,0.00,0.00,0.00,0,0,0.00,0.00,0.00,0,0,0.00,0.00,0,0
1515972218,s3-eth2,30562.00,1250564.00,1281126.00,1250564,30562,413.00,826.00,1239.00,826,413,0.00,0.00,0,0
1515972218,s3-eth1,1249050.00,30562.00,1279612.00,30562,1249050,825.00,413.00,1238.00,413,825,0.00,0.00,0,0
1515972218,total,3840350.00,3840350.00,7680700.00,3840350,3840350,3715.00,3715.00,7430.00,3715,3715,0.00,0.00,0,0
1515972219,s1,0.00,0.00,0.00,0,0,0.00,0.00,0.00,0,0,0.00,0.00,0,0
1515972219,eth0,0.00,0.00,0.00,0,0,0.00,0.00,0.00,0,0,0.00,0.00,0,0
1515972219,eth1,0.00,0.00,0.00,0,0,0.00,0.00,0.00,0,0,0.00,0.00,0,0
1515972219,s2,0.00,0.00,0.00,0,0,0.00,0.00,0.00,0,0,0.00,0.00,0,0
1515972219,s1-eth2,30562.00,1250564.00,1281126.00,1250564,30562,413.00,826.00,1239.00,826,413,0.00,0.00,0,0
1515972219,s1-eth1,1249050.00,30562.00,1279612.00,30562,1249050,825.00,413.00,1238.00,413,825,0.00,0.00,0,0
1515972219,s3,0.00,0.00,0.00,0,0,0.00,0.00,0.00,0,0,0.00,0.00,0,0
1515972219,s2-eth2,30562.00,1250564.00,1281126.00,1250564,30562,413.00,826.00,1239.00,826,413,0.00,0.00,0,0
1515972219,s2-eth1,1250564.00,30562.00,1281126.00,30562,1250564,826.00,413.00,1239.00,413,826,0.00,0.00,0,0
1515972219,lo,0.00,0.00,0.00,0,0,0.00,0.00,0.00,0,0,0.00,0.00,0,0
1515972219,s3-eth2,30562.00,1249050.00,1279612.00,1249050,30562,413.00,825.00,1238.00,825,413,0.00,0.00,0,0
1515972219,s3-eth1,1250564.00,30562.00,1281126.00,30562,1250564,826.00,413.00,1239.00,413,826,0.00,0.00,0,0
1515972219,total,3841864.00,3841864.00,7683728.00,3841864,3841864,3716.00,3716.00,7432.00,3716,3716,0.00,0.00,0,0
1515972220,s1,0.00,1014.00,1014.00,1014,0,0.00,5.00,5.00,5,0,0.00,0.00,0,0
1515972220,eth0,608.00,980.00,1588.00,980,608,8.00,8.00,16.00,8,8,0.00,0.00,0,0
1515972220,eth1,0.00,0.00,0.00,0,0,0.00,0.00,0.00,0,0,0.00,0.00,0,0
1515972220,s2,0.00,982.00,982.00,982,0,0.00,5.00,5.00,5,0,0.00,0.00,0,0
1515972220,s1-eth2,31018.00,1250064.00,1281082.00,1250064,31018,415.00,830.00,1245.00,830,415,0.00,0.00,0,0
1515972220,s1-eth1,1250704.00,30488.00,1281192.00,30488,1250704,834.00,412.00,1246.00,412,834,0.00,0.00,0,0
1515972220,s3,0.00,1092.00,1092.00,1092,0,0.00,6.00,6.00,6,0,0.00,0.00,0,0
1515972220,s2-eth2,31580.00,1251016.00,1282596.00,1251016,31580,418.00,828.00,1246.00,828,418,0.00,0.00,0,0
1515972220,s2-eth1,1250064.00,31018.00,1281082.00,31018,1250064,830.00,415.00,1245.00,415,830,0.00,0.00,0,0
1515972220,lo,6284.00,6284.00,12568.00,6284,6284,63.00,63.00,126.00,63,63,0.00,0.00,0,0
1515972220,s3-eth2,32106.00,1250564.00,1282670.00,1250564,32106,421.00,826.00,1247.00,826,421,0.00,0.00,0,0
1515972220,s3-eth1,1251016.00,31580.00,1282596.00,31580,1251016,828.00,418.00,1246.00,418,828,0.00,0.00,0,0
1515972220,total,3853380.00,3855082.00,7708462.00,3855082,3853380,3817.00,3816.00,7633.00,3816,3817,0.00,0.00,0,0
1515972221,s1,0.00,266.00,266.00,266,0,0.00,3.00,3.00,3,0,0.00,0.00,0,0
1515972221,eth0,456.00,735.00,1191.00,735,456,6.00,6.00,12.00,6,6,0.00,0.00,0,0
1515972221,eth1,0.00,0.00,0.00,0,0,0.00,0.00,0.00,0,0,0.00,0.00,0,0
1515972221,s2,0.00,745.00,745.00,745,0,0.00,8.00,8.00,8,0,0.00,0.00,0,0
1515972221,s1-eth2,31119.00,1250830.00,1281949.00,1250830,31119,419.00,829.00,1248.00,829,419,0.00,0.00,0,0
1515972221,s1-eth1,1251190.00,30562.00,1281752.00,30562,1251190,833.00,413.00,1246.00,413,833,0.00,0.00,0,0
1515972221,s3,0.00,635.00,635.00,635,0,0.00,7.00,7.00,7,0,0.00,0.00,0,0
1515972221,s2-eth2,31197.00,1250752.00,1281949.00,1250752,31197,420.00,828.00,1248.00,828,420,0.00,0.00,0,0
1515972221,s2-eth1,1250830.00,31119.00,1281949.00,31119,1250830,829.00,419.00,1248.00,419,829,0.00,0.00,0,0
1515972221,lo,6077.00,6077.00,12154.00,6077,6077,63.00,63.00,126.00,63,63,0.00,0.00,0,0
1515972221,s3-eth2,31311.00,1250564.00,1281875.00,1250564,31311,421.00,826.00,1247.00,826,421,0.00,0.00,0,0
1515972221,s3-eth1,1250752.00,31197.00,1281949.00,31197,1250752,828.00,420.00,1248.00,420,828,0.00,0.00,0,0
1515972221,total,3852932.00,3853482.00,7706414.00,3853482,3852932,3819.00,3822.00,7641.00,3822,3819,0.00,0.00,0,0
1515972222,s1,0.00,3795.00,3795.00,3795,0,0.00,20.00,20.00,20,0,0.00,0.00,0,0
1515972222,eth0,608.00,980.00,1588.00,980,608,8.00,8.00,16.00,8,8,0.00,0.00,0,0
1515972222,eth1,0.00,0.00,0.00,0,0,0.00,0.00,0.00,0,0,0.00,0.00,0,0
1515972222,s2,0.00,3872.00,3872.00,3872,0,0.00,18.00,18.00,18,0,0.00,0.00,0,0
1515972222,s1-eth2,32180.00,1251331.00,1283511.00,1251331,32180,418.00,844.00,1262.00,844,418,0.00,0.00,0,0
1515972222,s1-eth1,1250049.00,30414.00,1280463.00,30414,1250049,849.00,411.00,1260.00,411,849,0.00,0.00,0,0
1515972222,s3,0.00,3435.00,3435.00,3435,0,0.00,16.00,16.00,16,0,0.00,0.00,0,0
1515972222,s2-eth2,33849.00,1249642.00,1283491.00,1249642,33849,427.00,835.00,1262.00,835,427,0.00,0.00,0,0
1515972222,s2-eth1,1251331.00,32180.00,1283511.00,32180,1251331,844.00,418.00,1262.00,418,844,0.00,0.00,0,0
1515972222,lo,17530.00,17530.00,35060.00,17530,17530,167.00,167.00,334.00,167,167,0.00,0.00,0,0
1515972222,s3-eth2,35628.00,1250564.00,1286192.00,1250564,35628,437.00,826.00,1263.00,826,437,0.00,0.00,0,0
1515972222,s3-eth1,1249642.00,33849.00,1283491.00,33849,1249642,835.00,427.00,1262.00,427,835,0.00,0.00,0,0
1515972222,total,3870817.00,3877592.00,7748409.00,3877592,3870817,3985.00,3990.00,7975.00,3990,3985,0.00,0.00,0,0
1515972223,s1,0.00,1689.00,1689.00,1689,0,0.00,8.00,8.00,8,0,0.00,0.00,0,0
1515972223,eth0,152.00,245.00,397.00,245,152,2.00,2.00,4.00,2,2,0.00,0.00,0,0
1515972223,eth1,0.00,0.00,0.00,0,0,0.00,0.00,0.00,0,0,0.00,0.00,0,0
1515972223,s2,0.00,1150.00,1150.00,1150,0,0.00,5.00,5.00,5,0,0.00,0.00,0,0
1515972223,s1-eth2,31002.00,1249225.00,1280227.00,1249225,31002,414.00,832.00,1246.00,832,414,0.00,0.00,0,0
1515972223,s1-eth1,1250188.00,30488.00,1280676.00,30488,1250188,836.00,412.00,1248.00,412,836,0.00,0.00,0,0
1515972223,s3,0.00,1587.00,1587.00,1587,0,0.00,7.00,7.00,7,0,0.00,0.00,0,0
1515972223,s2-eth2,32075.00,1251200.00,1283275.00,1251200,32075,419.00,829.00,1248.00,829,419,0.00,0.00,0,0
1515972223,s2-eth1,1249225.00,31002.00,1280227.00,31002,1249225,832.00,414.00,1246.00,414,832,0.00,0.00,0,0
1515972223,lo,6721.00,6721.00,13442.00,6721,6721,64.00,64.00,128.00,64,64,0.00,0.00,0,0
1515972223,s3-eth2,33112.00,1250564.00,1283676.00,1250564,33112,424.00,826.00,1250.00,826,424,0.00,0.00,0,0
1515972223,s3-eth1,1251200.00,32075.00,1283275.00,32075,1251200,829.00,419.00,1248.00,419,829,0.00,0.00,0,0
1515972223,total,3853675.00,3855946.00,7709621.00,3855946,3853675,3820.00,3818.00,7638.00,3818,3820,0.00,0.00,0,0
1515972224,s1,0.00,654.00,654.00,654,0,0.00,2.00,2.00,2,0,0.00,0.00,0,0
1515972224,eth0,0.00,0.00,0.00,0,0,0.00,0.00,0.00,0,0,0.00,0.00,0,0
1515972224,eth1,0.00,0.00,0.00,0,0,0.00,0.00,0.00,0,0,0.00,0.00,0,0
1515972224,s2,0.00,776.00,776.00,776,0,0.00,3.00,3.00,3,0,0.00,0.00,0,0
1515972224,s1-eth2,31011.00,1251218.00,1282229.00,1251218,31011,415.00,828.00,1243.00,828,415,0.00,0.00,0,0
1515972224,s1-eth1,1249704.00,30562.00,1280266.00,30562,1249704,827.00,413.00,1240.00,413,827,0.00,0.00,0,0
1515972224,s3,0.00,776.00,776.00,776,0,0.00,3.00,3.00,3,0,0.00,0.00,0,0
1515972224,s2-eth2,31338.00,1249377.00,1280715.00,1249377,31338,416.00,826.00,1242.00,826,416,0.00,0.00,0,0
1515972224,s2-eth1,1251218.00,31011.00,1282229.00,31011,1251218,828.00,415.00,1243.00,415,828,0.00,0.00,0,0
1515972224,lo,2566.00,2566.00,5132.00,2566,2566,24.00,24.00,48.00,24,24,0.00,0.00,0,0
1515972224,s3-eth2,31591.00,1250564.00,1282155.00,1250564,31591,416.00,826.00,1242.00,826,416,0.00,0.00,0,0
1515972224,s3-eth1,1249377.00,31338.00,1280715.00,31338,1249377,826.00,416.00,1242.00,416,826,0.00,0.00,0,0
1515972224,total,3846805.00,3848842.00,7695647.00,3848842,3846805,3752.00,3756.00,7508.00,3756,3752,0.00,0.00,0,0
1515972225,s1,0.00,748.00,748.00,748,0,0.00,4.00,4.00,4,0,0.00,0.00,0,0
1515972225,eth0,60.00,60.00,120.00,60,60,1.00,1.00,2.00,1,1,0.00,0.00,0,0
1515972225,eth1,0.00,0.00,0.00,0,0,0.00,0.00,0.00,0,0,0.00,0.00,0,0
1515972225,s2,0.00,711.00,711.00,711,0,0.00,4.00,4.00,4,0,0.00,0.00,0,0
1515972225,s1-eth2,30899.00,1249798.00,1280697.00,1249798,30899,415.00,829.00,1244.00,829,415,0.00,0.00,0,0
1515972225,s1-eth1,1251756.00,30488.00,1282244.00,30488,1251756,833.00,412.00,1245.00,412,833,0.00,0.00,0,0
1515972225,s3,0.00,711.00,711.00,711,0,0.00,4.00,4.00,4,0,0.00,0.00,0,0
1515972225,s2-eth2,31199.00,1250938.00,1282137.00,1250938,31199,416.00,828.00,1244.00,828,416,0.00,0.00,0,0
1515972225,s2-eth1,1249798.00,30899.00,1280697.00,30899,1249798,829.00,415.00,1244.00,415,829,0.00,0.00,0,0
1515972225,lo,3712.00,3712.00,7424.00,3712,3712,36.00,36.00,72.00,36,36,0.00,0.00,0,0
1515972225,s3-eth2,31647.00,1250564.00,1282211.00,1250564,31647,419.00,826.00,1245.00,826,419,0.00,0.00,0,0
1515972225,s3-eth1,1250938.00,31199.00,1282137.00,31199,1250938,828.00,416.00,1244.00,416,828,0.00,0.00,0,0
1515972225,total,3850009.00,3849828.00,7699837.00,3849828,3850009,3777.00,3775.00,7552.00,3775,3777,0.00,0.00,0,0
1515972226,s1,0.00,1136.00,1136.00,1136,0,0.00,5.00,5.00,5,0,0.00,0.00,0,0
1515972226,eth0,0.00,0.00,0.00,0,0,0.00,0.00,0.00,0,0,0.00,0.00,0,0
1515972226,eth1,0.00,0.00,0.00,0,0,0.00,0.00,0.00,0,0,0.00,0.00,0,0
1515972226,s2,0.00,1066.00,1066.00,1066,0,0.00,4.00,4.00,4,0,0.00,0.00,0,0
1515972226,s1-eth2,31037.00,1250186.00,1281223.00,1250186,31037,416.00,830.00,1246.00,830,416,0.00,0.00,0,0
1515972226,s1-eth1,1250513.00,30710.00,1281223.00,30710,1250513,831.00,415.00,1246.00,415,831,0.00,0.00,0,0
1515972226,s3,0.00,724.00,724.00,724,0,0.00,3.00,3.00,3,0,0.00,0.00,0,0
1515972226,s2-eth2,31434.00,1249789.00,1281223.00,1249789,31434,418.00,828.00,1246.00,828,418,0.00,0.00,0,0
1515972226,s2-eth1,1250186.00,31037.00,1281223.00,31037,1250186,830.00,416.00,1246.00,416,830,0.00,0.00,0,0
1515972226,lo,3680.00,3680.00,7360.00,3680,3680,36.00,36.00,72.00,36,36,0.00,0.00,0,0
1515972226,s3-eth2,31831.00,1250564.00,1282395.00,1250564,31831,420.00,826.00,1246.00,826,420,0.00,0.00,0,0
1515972226,s3-eth1,1249789.00,31434.00,1281223.00,31434,1249789,828.00,418.00,1246.00,418,828,0.00,0.00,0,0
1515972226,total,3848470.00,3850326.00,7698796.00,3850326,3848470,3779.00,3781.00,7560.00,3781,3779,0.00,0.00,0,0
1515972227,s1,0.00,0.00,0.00,0,0,0.00,0.00,0.00,0,0,0.00,0.00,0,0
1515972227,eth0,1921.00,2098.00,4019.00,2098,1921,12.00,12.00,24.00,12,12,0.00,0.00,0,0
1515972227,eth1,0.00,0.00,0.00,0,0,0.00,0.00,0.00,0,0,0.00,0.00,0,0
1515972227,s2,0.00,0.00,0.00,0,0,0.00,0.00,0.00,0,0,0.00,0.00,0,0
1515972227,s1-eth2,30562.00,1250564.00,1281126.00,1250564,30562,413.00,826.00,1239.00,826,413,0.00,0.00,0,0
1515972227,s1-eth1,1249050.00,30562.00,1279612.00,30562,1249050,825.00,413.00,1238.00,413,825,0.00,0.00,0,0
1515972227,s3,0.00,342.00,342.00,342,0,0.00,1.00,1.00,1,0,0.00,0.00,0,0
1515972227,s2-eth2,30904.00,1250564.00,1281468.00,1250564,30904,414.00,826.00,1240.00,826,414,0.00,0.00,0,0
1515972227,s2-eth1,1250564.00,30562.00,1281126.00,30562,1250564,826.00,413.00,1239.00,413,826,0.00,0.00,0,0
1515972227,lo,807.00,807.00,1614.00,807,807,9.00,9.00,18.00,9,9,0.00,0.00,0,0
1515972227,s3-eth2,30904.00,1249050.00,1279954.00,1249050,30904,414.00,825.00,1239.00,825,414,0.00,0.00,0,0
1515972227,s3-eth1,1250564.00,30904.00,1281468.00,30904,1250564,826.00,414.00,1240.00,414,826,0.00,0.00,0,0
1515972227,total,3845276.00,3845453.00,7690729.00,3845453,3845276,3739.00,3739.00,7478.00,3739,3739,0.00,0.00,0,0
1515972228,s1,0.00,342.00,342.00,342,0,0.00,1.00,1.00,1,0,0.00,0.00,0,0
1515972228,eth0,0.00,0.00,0.00,0,0,0.00,0.00,0.00,0,0,0.00,0.00,0,0
1515972228,eth1,0.00,0.00,0.00,0,0,0.00,0.00,0.00,0,0,0.00,0.00,0,0
1515972228,s2,0.00,449.00,449.00,449,0,0.00,2.00,2.00,2,0,0.00,0.00,0,0
1515972228,s1-eth2,30937.00,1250906.00,1281843.00,1250906,30937,414.00,827.00,1241.00,827,414,0.00,0.00,0,0
1515972228,s1-eth1,1251248.00,30562.00,1281810.00,30562,1251248,828.00,413.00,1241.00,413,828,0.00,0.00,0,0
1515972228,s3,0.00,449.00,449.00,449,0,0.00,2.00,2.00,2,0,0.00,0.00,0,0
1515972228,s2-eth2,31011.00,1250564.00,1281575.00,1250564,31011,415.00,826.00,1241.00,826,415,0.00,0.00,0,0
1515972228,s2-eth1,1250906.00,30937.00,1281843.00,30937,1250906,827.00,414.00,1241.00,414,827,0.00,0.00,0,0
1515972228,lo,1588.00,1588.00,3176.00,1588,1588,15.00,15.00,30.00,15,15,0.00,0.00,0,0
1515972228,s3-eth2,30937.00,1250564.00,1281501.00,1250564,30937,414.00,826.00,1240.00,826,414,0.00,0.00,0,0
1515972228,s3-eth1,1250564.00,31011.00,1281575.00,31011,1250564,826.00,415.00,1241.00,415,826,0.00,0.00,0,0
1515972228,total,3847191.00,3847372.00,7694563.00,3847372,3847191,3739.00,3741.00,7480.00,3741,3739,0.00,0.00,0,0
1515972229,s1,0.00,556.00,556.00,556,0,0.00,3.00,3.00,3,0,0.00,0.00,0,0
1515972229,eth0,0.00,0.00,0.00,0,0,0.00,0.00,0.00,0,0,0.00,0.00,0,0
1515972229,eth1,0.00,0.00,0.00,0,0,0.00,0.00,0.00,0,0,0.00,0.00,0,0
1515972229,s2,0.00,519.00,519.00,519,0,0.00,3.00,3.00,3,0,0.00,0.00,0,0
1515972229,s1-eth2,30632.00,1249606.00,1280238.00,1249606,30632,414.00,828.00,1242.00,828,414,0.00,0.00,0,0
1515972229,s1-eth1,1249783.00,30488.00,1280271.00,30488,1249783,830.00,412.00,1242.00,412,830,0.00,0.00,0,0
1515972229,s3,0.00,177.00,177.00,177,0,0.00,2.00,2.00,2,0,0.00,0.00,0,0
1515972229,s2-eth2,30739.00,1251013.00,1281752.00,1251013,30739,415.00,828.00,1243.00,828,415,0.00,0.00,0,0
1515972229,s2-eth1,1249606.00,30632.00,1280238.00,30632,1249606,828.00,414.00,1242.00,414,828,0.00,0.00,0,0
1515972229,lo,2408.00,2408.00,4816.00,2408,2408,24.00,24.00,48.00,24,24,0.00,0.00,0,0
1515972229,s3-eth2,30846.00,1250564.00,1281410.00,1250564,30846,416.00,826.00,1242.00,826,416,0.00,0.00,0,0
1515972229,s3-eth1,1251013.00,30739.00,1281752.00,30739,1251013,828.00,415.00,1243.00,415,828,0.00,0.00,0,0
1515972229,total,3845027.00,3846702.00,7691729.00,3846702,3845027,3755.00,3755.00,7510.00,3755,3755,0.00,0.00,0,0
1515972230,s1,0.00,140.00,140.00,140,0,0.00,2.00,2.00,2,0,0.00,0.00,0,0
1515972230,eth0,0.00,0.00,0.00,0,0,0.00,0.00,0.00,0,0,0.00,0.00,0,0
1515972230,eth1,0.00,0.00,0.00,0,0,0.00,0.00,0.00,0,0,0.00,0.00,0,0
1515972230,s2,0.00,70.00,70.00,70,0,0.00,1.00,1.00,1,0,0.00,0.00,0,0
1515972230,s1-eth2,30562.00,1250704.00,1281266.00,1250704,30562,413.00,828.00,1241.00,828,413,0.00,0.00,0,0
1515972230,s1-eth1,1250704.00,30562.00,1281266.00,30562,1250704,828.00,413.00,1241.00,413,828,0.00,0.00,0,0
1515972230,s3,0.00,70.00,70.00,70,0,0.00,1.00,1.00,1,0,0.00,0.00,0,0
1515972230,s2-eth2,30558.00,1249120.00,1279678.00,1249120,30558,413.00,826.00,1239.00,826,413,0.00,0.00,0,0
1515972230,s2-eth1,1250704.00,30562.00,1281266.00,30562,1250704,828.00,413.00,1241.00,413,828,0.00,0.00,0,0
1515972230,lo,1072.00,1072.00,2144.00,1072,1072,12.00,12.00,24.00,12,12,0.00,0.00,0,0
1515972230,s3-eth2,31044.00,1250564.00,1281608.00,1250564,31044,416.00,826.00,1242.00,826,416,0.00,0.00,0,0
1515972230,s3-eth1,1249120.00,30558.00,1279678.00,30558,1249120,826.00,413.00,1239.00,413,826,0.00,0.00,0,0
1515972230,total,3843764.00,3843422.00,7687186.00,3843422,3843764,3736.00,3735.00,7471.00,3735,3736,0.00,0.00,0,0
1515972231,s1,0.00,0.00,0.00,0,0,0.00,0.00,0.00,0,0,0.00,0.00,0,0
1515972231,eth0,0.00,0.00,0.00,0,0,0.00,0.00,0.00,0,0,0.00,0.00,0,0
1515972231,eth1,0.00,0.00,0.00,0,0,0.00,0.00,0.00,0,0,0.00,0.00,0,0
1515972231,s2,0.00,0.00,0.00,0,0,0.00,0.00,0.00,0,0,0.00,0.00,0,0
1515972231,s1-eth2,30562.00,1250564.00,1281126.00,1250564,30562,413.00,826.00,1239.00,826,413,0.00,0.00,0,0
1515972231,s1-eth1,1250906.00,30636.00,1281542.00,30636,1250906,827.00,414.00,1241.00,414,827,0.00,0.00,0,0
1515972231,s3,0.00,0.00,0.00,0,0,0.00,0.00,0.00,0,0,0.00,0.00,0,0
1515972231,s2-eth2,30636.00,1250564.00,1281200.00,1250564,30636,414.00,826.00,1240.00,826,414,0.00,0.00,0,0
1515972231,s2-eth1,1250564.00,30562.00,1281126.00,30562,1250564,826.00,413.00,1239.00,413,826,0.00,0.00,0,0
1515972231,lo,0.00,0.00,0.00,0,0,0.00,0.00,0.00,0,0,0.00,0.00,0,0
1515972231,s3-eth2,30562.00,1250564.00,1281126.00,1250564,30562,413.00,826.00,1239.00,826,413,0.00,0.00,0,0
1515972231,s3-eth1,1250564.00,30636.00,1281200.00,30636,1250564,826.00,414.00,1240.00,414,826,0.00,0.00,0,0
1515972231,total,3843794.00,3843526.00,7687320.00,3843526,3843794,3719.00,3719.00,7438.00,3719,3719,0.00,0.00,0,0
1515972232,s1,0.00,342.00,342.00,342,0,0.00,1.00,1.00,1,0,0.00,0.00,0,0
1515972232,eth0,0.00,0.00,0.00,0,0,0.00,0.00,0.00,0,0,0.00,0.00,0,0
1515972232,eth1,0.00,0.00,0.00,0,0,0.00,0.00,0.00,0,0,0.00,0.00,0,0
1515972232,s2,0.00,342.00,342.00,342,0,0.00,1.00,1.00,1,0,0.00,0.00,0,0
1515972232,s1-eth2,30604.00,1250948.00,1281552.00,1250948,30604,414.00,828.00,1242.00,828,414,0.00,0.00,0,0
1515972232,s1-eth1,1249434.00,30530.00,1279964.00,30530,1249434,827.00,413.00,1240.00,413,827,0.00,0.00,0,0
1515972232,s3,0.00,0.00,0.00,0,0,0.00,0.00,0.00,0,0,0.00,0.00,0,0
1515972232,s2-eth2,30604.00,1250948.00,1281552.00,1250948,30604,414.00,828.00,1242.00,828,414,0.00,0.00,0,0
1515972232,s2-eth1,1250948.00,30604.00,1281552.00,30604,1250948,828.00,414.00,1242.00,414,828,0.00,0.00,0,0
1515972232,lo,652.00,652.00,1304.00,652,652,6.00,6.00,12.00,6,6,0.00,0.00,0,0
1515972232,s3-eth2,30604.00,1250606.00,1281210.00,1250606,30604,414.00,827.00,1241.00,827,414,0.00,0.00,0,0
1515972232,s3-eth1,1250948.00,30604.00,1281552.00,30604,1250948,828.00,414.00,1242.00,414,828,0.00,0.00,0,0
1515972232,total,3843794.00,3845576.00,7689370.00,3845576,3843794,3731.00,3732.00,7463.00,3732,3731,0.00,0.00,0,0
1515972233,s1,0.00,0.00,0.00,0,0,0.00,0.00,0.00,0,0,0.00,0.00,0,0
1515972233,eth0,0.00,0.00,0.00,0,0,0.00,0.00,0.00,0,0,0.00,0.00,0,0
1515972233,eth1,0.00,0.00,0.00,0,0,0.00,0.00,0.00,0,0,0.00,0.00,0,0
1515972233,s2,0.00,0.00,0.00,0,0,0.00,0.00,0.00,0,0,0.00,0.00,0,0
1515972233,s1-eth2,20584.00,817750.00,838334.00,817750,20584,278.00,543.00,821.00,543,278,0.00,0.00,0,0
1515972233,s1-eth1,832890.00,20584.00,853474.00,20584,832890,553.00,278.00,831.00,278,553,0.00,0.00,0,0
1515972233,s3,0.00,0.00,0.00,0,0,0.00,0.00,0.00,0,0,0.00,0.00,0,0
1515972233,s2-eth2,20584.00,805638.00,826222.00,805638,20584,278.00,535.00,813.00,535,278,0.00,0.00,0,0
1515972233,s2-eth1,817750.00,20584.00,838334.00,20584,817750,543.00,278.00,821.00,278,543,0.00,0.00,0,0
1515972233,lo,0.00,0.00,0.00,0,0,0.00,0.00,0.00,0,0,0.00,0.00,0,0
1515972233,s3-eth2,20658.00,793526.00,814184.00,793526,20658,279.00,527.00,806.00,527,279,0.00,0.00,0,0
1515972233,s3-eth1,805638.00,20584.00,826222.00,20584,805638,535.00,278.00,813.00,278,535,0.00,0.00,0,0
1515972233,total,2518104.00,2478666.00,4996770.00,2478666,2518104,2466.00,2439.00,4905.00,2439,2466,0.00,0.00,0,0
1515972234,s1,0.00,0.00,0.00,0,0,0.00,0.00,0.00,0,0,0.00,0.00,0,0
1515972234,eth0,0.00,0.00,0.00,0,0,0.00,0.00,0.00,0,0,0.00,0.00,0,0
1515972234,eth1,0.00,0.00,0.00,0,0,0.00,0.00,0.00,0,0,0.00,0.00,0,0
1515972234,s2,0.00,0.00,0.00,0,0,0.00,0.00,0.00,0,0,0.00,0.00,0,0
1515972234,s1-eth2,0.00,0.00,0.00,0,0,0.00,0.00,0.00,0,0,0.00,0.00,0,0
1515972234,s1-eth1,0.00,0.00,0.00,0,0,0.00,0.00,0.00,0,0,0.00,0.00,0,0
1515972234,s3,0.00,342.00,342.00,342,0,0.00,1.00,1.00,1,0,0.00,0.00,0,0
1515972234,s2-eth2,342.00,0.00,342.00,0,342,1.00,0.00,1.00,0,1,0.00,0.00,0,0
1515972234,s2-eth1,0.00,0.00,0.00,0,0,0.00,0.00,0.00,0,0,0.00,0.00,0,0
1515972234,lo,498.00,498.00,996.00,498,498,6.00,6.00,12.00,6,6,0.00,0.00,0,0
1515972234,s3-eth2,342.00,0.00,342.00,0,342,1.00,0.00,1.00,0,1,0.00,0.00,0,0
1515972234,s3-eth1,0.00,342.00,342.00,342,0,0.00,1.00,1.00,1,0,0.00,0.00,0,0
1515972234,total,1182.00,1182.00,2364.00,1182,1182,8.00,8.00,16.00,8,8,0.00,0.00,0,0
1515972235,s1,0.00,342.00,342.00,342,0,0.00,1.00,1.00,1,0,0.00,0.00,0,0
1515972235,eth0,0.00,0.00,0.00,0,0,0.00,0.00,0.00,0,0,0.00,0.00,0,0
1515972235,eth1,0.00,0.00,0.00,0,0,0.00,0.00,0.00,0,0,0.00,0.00,0,0
1515972235,s2,0.00,0.00,0.00,0,0,0.00,0.00,0.00,0,0,0.00,0.00,0,0
1515972235,s1-eth2,0.00,342.00,342.00,342,0,0.00,1.00,1.00,1,0,0.00,0.00,0,0
1515972235,s1-eth1,342.00,0.00,342.00,0,342,1.00,0.00,1.00,0,1,0.00,0.00,0,0
1515972235,s3,0.00,0.00,0.00,0,0,0.00,0.00,0.00,0,0,0.00,0.00,0,0
1515972235,s2-eth2,0.00,0.00,0.00,0,0,0.00,0.00,0.00,0,0,0.00,0.00,0,0
1515972235,s2-eth1,342.00,0.00,342.00,0,342,1.00,0.00,1.00,0,1,0.00,0.00,0,0
1515972235,lo,326.00,326.00,652.00,326,326,3.00,3.00,6.00,3,3,0.00,0.00,0,0
1515972235,s3-eth2,0.00,0.00,0.00,0,0,0.00,0.00,0.00,0,0,0.00,0.00,0,0
1515972235,s3-eth1,0.00,0.00,0.00,0,0,0.00,0.00,0.00,0,0,0.00,0.00,0,0
1515972235,total,1010.00,1010.00,2020.00,1010,1010,5.00,5.00,10.00,5,5,0.00,0.00,0,0
1515972236,s1,0.00,0.00,0.00,0,0,0.00,0.00,0.00,0,0,0.00,0.00,0,0
1515972236,eth0,0.00,0.00,0.00,0,0,0.00,0.00,0.00,0,0,0.00,0.00,0,0
1515972236,eth1,0.00,327.00,327.00,327,0,0.00,3.00,3.00,3,0,0.00,0.00,0,0
1515972236,s2,0.00,107.00,107.00,107,0,0.00,1.00,1.00,1,0,0.00,0.00,0,0
1515972236,s1-eth2,107.00,0.00,107.00,0,107,1.00,0.00,1.00,0,1,0.00,0.00,0,0
1515972236,s1-eth1,342.00,0.00,342.00,0,342,1.00,0.00,1.00,0,1,0.00,0.00,0,0
1515972236,s3,0.00,107.00,107.00,107,0,0.00,1.00,1.00,1,0,0.00,0.00,0,0
1515972236,s2-eth2,107.00,0.00,107.00,0,107,1.00,0.00,1.00,0,1,0.00,0.00,0,0
1515972236,s2-eth1,0.00,107.00,107.00,107,0,0.00,1.00,1.00,1,0,0.00,0.00,0,0
1515972236,lo,782.00,782.00,1564.00,782,782,9.00,9.00,18.00,9,9,0.00,0.00,0,0
1515972236,s3-eth2,107.00,0.00,107.00,0,107,1.00,0.00,1.00,0,1,0.00,0.00,0,0
1515972236,s3-eth1,0.00,107.00,107.00,107,0,0.00,1.00,1.00,1,0,0.00,0.00,0,0
1515972236,total,1445.00,1537.00,2982.00,1537,1445,13.00,16.00,29.00,16,13,0.00,0.00,0,0
1515972237,s1,0.00,214.00,214.00,214,0,0.00,2.00,2.00,2,0,0.00,0.00,0,0
1515972237,eth0,0.00,0.00,0.00,0,0,0.00,0.00,0.00,0,0,0.00,0.00,0,0
1515972237,eth1,0.00,92.00,92.00,92,0,0.00,1.00,1.00,1,0,0.00,0.00,0,0
1515972237,s2,0.00,107.00,107.00,107,0,0.00,1.00,1.00,1,0,0.00,0.00,0,0
1515972237,s1-eth2,0.00,214.00,214.00,214,0,0.00,2.00,2.00,2,0,0.00,0.00,0,0
1515972237,s1-eth1,321.00,0.00,321.00,0,321,3.00,0.00,3.00,0,3,0.00,0.00,0,0
1515972237,s3,0.00,107.00,107.00,107,0,0.00,1.00,1.00,1,0,0.00,0.00,0,0
1515972237,s2-eth2,107.00,107.00,214.00,107,107,1.00,1.00,2.00,1,1,0.00,0.00,0,0
1515972237,s2-eth1,214.00,0.00,214.00,0,214,2.00,0.00,2.00,0,2,0.00,0.00,0,0
1515972237,lo,1220.00,1220.00,2440.00,1220,1220,12.00,12.00,24.00,12,12,0.00,0.00,0,0
1515972237,s3-eth2,214.00,0.00,214.00,0,214,2.00,0.00,2.00,0,2,0.00,0.00,0,0
1515972237,s3-eth1,107.00,107.00,214.00,107,107,1.00,1.00,2.00,1,1,0.00,0.00,0,0
1515972237,total,2183.00,2168.00,4351.00,2168,2183,21.00,21.00,42.00,21,21,0.00,0.00,0,0
1515972238,s1,0.00,0.00,0.00,0,0,0.00,0.00,0.00,0,0,0.00,0.00,0,0
1515972238,eth0,0.00,0.00,0.00,0,0,0.00,0.00,0.00,0,0,0.00,0.00,0,0
1515972238,eth1,0.00,0.00,0.00,0,0,0.00,0.00,0.00,0,0,0.00,0.00,0,0
1515972238,s2,0.00,342.00,342.00,342,0,0.00,1.00,1.00,1,0,0.00,0.00,0,0
1515972238,s1-eth2,342.00,0.00,342.00,0,342,1.00,0.00,1.00,0,1,0.00,0.00,0,0
1515972238,s1-eth1,0.00,0.00,0.00,0,0,0.00,0.00,0.00,0,0,0.00,0.00,0,0
1515972238,s3,0.00,342.00,342.00,342,0,0.00,1.00,1.00,1,0,0.00,0.00,0,0
1515972238,s2-eth2,342.00,0.00,342.00,0,342,1.00,0.00,1.00,0,1,0.00,0.00,0,0
1515972238,s2-eth1,0.00,342.00,342.00,342,0,0.00,1.00,1.00,1,0,0.00,0.00,0,0
1515972238,lo,652.00,652.00,1304.00,652,652,6.00,6.00,12.00,6,6,0.00,0.00,0,0
1515972238,s3-eth2,342.00,0.00,342.00,0,342,1.00,0.00,1.00,0,1,0.00,0.00,0,0
1515972238,s3-eth1,0.00,342.00,342.00,342,0,0.00,1.00,1.00,1,0,0.00,0.00,0,0
1515972238,total,1678.00,2020.00,3698.00,2020,1678,9.00,10.00,19.00,10,9,0.00,0.00,0,0
1515972239,s1,0.00,342.00,342.00,342,0,0.00,1.00,1.00,1,0,0.00,0.00,0,0
1515972239,eth0,0.00,0.00,0.00,0,0,0.00,0.00,0.00,0,0,0.00,0.00,0,0
1515972239,eth1,0.00,0.00,0.00,0,0,0.00,0.00,0.00,0,0,0.00,0.00,0,0
1515972239,s2,0.00,342.00,342.00,342,0,0.00,1.00,1.00,1,0,0.00,0.00,0,0
1515972239,s1-eth2,0.00,342.00,342.00,342,0,0.00,1.00,1.00,1,0,0.00,0.00,0,0
1515972239,s1-eth1,342.00,0.00,342.00,0,342,1.00,0.00,1.00,0,1,0.00,0.00,0,0
1515972239,s3,0.00,0.00,0.00,0,0,0.00,0.00,0.00,0,0,0.00,0.00,0,0
1515972239,s2-eth2,0.00,342.00,342.00,342,0,0.00,1.00,1.00,1,0,0.00,0.00,0,0
1515972239,s2-eth1,342.00,0.00,342.00,0,342,1.00,0.00,1.00,0,1,0.00,0.00,0,0
1515972239,lo,652.00,652.00,1304.00,652,652,6.00,6.00,12.00,6,6,0.00,0.00,0,0
1515972239,s3-eth2,0.00,0.00,0.00,0,0,0.00,0.00,0.00,0,0,0.00,0.00,0,0
1515972239,s3-eth1,342.00,0.00,342.00,0,342,1.00,0.00,1.00,0,1,0.00,0.00,0,0
1515972239,total,1678.00,2020.00,3698.00,2020,1678,9.00,10.00,19.00,10,9,0.00,0.00,0,0
1515972240,s1,0.00,0.00,0.00,0,0,0.00,0.00,0.00,0,0,0.00,0.00,0,0
